-4300 -1370
-4300 -1130
-4340 -1130
-4340 -1330
-4430 -1330
-4430 -1925
-4390 -1925
-4390 -1370
-4300 -1370

-4430 -830
-4390 -830
-4390 -710
-4430 -710
-4430 -830

-4430 250
-4390 250
-4390 305
-4430 305
-4430 250

-4430 610
-4390 610
-4390 650
-4430 650
-4430 610

-4430 890
-4390 890
-4390 1010
-4430 1010
-4430 890

-4300 1310
-4300 1550
-4390 1550
-4390 2105
-4430 2105
-4430 1510
-4340 1510
-4340 1310
-4300 1310

-4430 2410
-4390 2410
-4390 2465
-4430 2465
-4430 2410

-4430 2770
-4390 2770
-4390 2810
-4430 2810
-4430 2770

-4430 3050
-4390 3050
-4390 3170
-4430 3170
-4430 3050

-4120 4075
-4120 4115
-4160 4115
-4160 4110
-4390 4110
-4390 4265
-4430 4265
-4430 3670
-4340 3670
-4340 3470
-4300 3470
-4300 3710
-4390 3710
-4390 4080
-4160 4080
-4160 4075
-4120 4075

-4300 -3890
-4300 -3580
-4340 -3580
-4340 -3290
-4380 -3290
-4380 -3620
-4340 -3620
-4340 -3850
-4380 -3850
-4380 -4085
-4340 -4085
-4340 -3890
-4300 -3890

-4340 -2990
-4300 -2990
-4300 -2870
-4340 -2870
-4340 -2990

-4340 -2630
-4300 -2630
-4300 -2590
-4340 -2590
-4340 -2630

-4340 -2285
-4300 -2285
-4300 -2230
-4340 -2230
-4340 -2285

-4340 -380
-4300 -380
-4300 -340
-4340 -340
-4340 -380

-4250 -1910
-4210 -1910
-4210 -1855
-4250 -1855
-4250 -1910

-4250 -1550
-4210 -1550
-4210 -1510
-4250 -1510
-4250 -1550

-4250 -830
-4210 -830
-4210 -710
-4250 -710
-4250 -830

-4250 2035
-4210 2035
-4210 2090
-4250 2090
-4250 2035

-4250 3850
-4210 3850
-4210 3890
-4250 3890
-4250 3850

-4210 -4070
-4170 -4070
-4170 -4015
-4210 -4015
-4210 -4070

-4210 -3430
-4170 -3430
-4170 -3310
-4210 -3310
-4210 -3430

-4070 -3800
-4030 -3800
-4030 -3760
-4070 -3760
-4070 -3800

-4070 -2990
-4030 -2990
-4030 -2870
-4070 -2870
-4070 -2990

-3940 -2630
-3940 -2590
-3980 -2590
-3980 -2595
-4030 -2595
-4030 -2590
-4070 -2590
-4070 -2630
-4030 -2630
-4030 -2625
-3980 -2625
-3980 -2630
-3940 -2630

-4070 -830
-4030 -830
-4030 -710
-4070 -710
-4070 -830

-4070 -560
-4030 -560
-4030 -520
-4070 -520
-4070 -560

-4070 -290
-4030 -290
-4030 -250
-4070 -250
-4070 -290

-4070 -125
-4030 -125
-4030 -70
-4070 -70
-4070 -125

-4070 2035
-4030 2035
-4030 2090
-4070 2090
-4070 2035

-3940 2860
-3940 3190
-3980 3190
-3980 2900
-4070 2900
-4070 2395
-4030 2395
-4030 2860
-3940 2860

-4070 3490
-4030 3490
-4030 3610
-4070 3610
-4070 3490

-3760 -1925
-3760 -1130
-3800 -1130
-3800 -1830
-3985 -1830
-3985 -1825
-4025 -1825
-4025 -1865
-3985 -1865
-3985 -1860
-3800 -1860
-3800 -1925
-3760 -1925

-3980 890
-3940 890
-3940 1010
-3980 1010
-3980 890

-3265 -3620
-3265 -3580
-3305 -3580
-3305 -3585
-3850 -3585
-3850 -3580
-3890 -3580
-3890 -3620
-3850 -3620
-3850 -3615
-3305 -3615
-3305 -3620
-3265 -3620

-3890 -380
-3850 -380
-3850 -340
-3890 -340
-3890 -380

-3890 520
-3850 520
-3850 560
-3890 560
-3890 520

-3670 1780
-3670 1820
-3710 1820
-3710 1815
-3850 1815
-3850 1820
-3890 1820
-3890 1780
-3850 1780
-3850 1785
-3710 1785
-3710 1780
-3670 1780

-3890 2035
-3850 2035
-3850 2090
-3890 2090
-3890 2035

-3890 3490
-3850 3490
-3850 3610
-3890 3610
-3890 3490

-3890 3850
-3850 3850
-3850 3890
-3890 3890
-3890 3850

-3890 4195
-3850 4195
-3850 4250
-3890 4250
-3890 4195

-3800 -2990
-3760 -2990
-3760 -2870
-3800 -2870
-3800 -2990

-3760 -2630
-3760 -2590
-3800 -2590
-3800 -2630
-3795 -2630
-3795 -2680
-3800 -2680
-3800 -2720
-3760 -2720
-3760 -2680
-3765 -2680
-3765 -2630
-3760 -2630

-3800 -2285
-3760 -2285
-3760 -2230
-3800 -2230
-3800 -2285

-3800 890
-3760 890
-3760 1010
-3800 1010
-3800 890

-3750 -830
-3710 -830
-3710 -710
-3750 -710
-3750 -830

-3750 -125
-3710 -125
-3710 -70
-3750 -70
-3750 -125

-3710 2035
-3670 2035
-3670 2090
-3710 2090
-3710 2035

-3535 2545
-3535 2585
-3575 2585
-3575 2580
-3670 2580
-3670 2585
-3710 2585
-3710 2545
-3670 2545
-3670 2550
-3575 2550
-3575 2545
-3535 2545

-3710 2770
-3670 2770
-3670 2810
-3710 2810
-3710 2770

-3710 3050
-3670 3050
-3670 3170
-3710 3170
-3710 3050

-3710 3490
-3670 3490
-3670 3610
-3710 3610
-3710 3490

-3710 4195
-3670 4195
-3670 4250
-3710 4250
-3710 4195

-3620 -2990
-3580 -2990
-3580 -2870
-3620 -2870
-3620 -2990

-3620 -1550
-3580 -1550
-3580 -1510
-3620 -1510
-3620 -1550

-3540 -290
-3540 -55
-3580 -55
-3580 -250
-3620 -250
-3620 -560
-3580 -560
-3580 -850
-3540 -850
-3540 -520
-3580 -520
-3580 -290
-3540 -290

-3530 -1270
-3490 -1270
-3490 -1150
-3530 -1150
-3530 -1270

-3530 1330
-3490 1330
-3490 1450
-3530 1450
-3530 1330

-3530 1690
-3490 1690
-3490 1730
-3530 1730
-3530 1690

-3530 2035
-3490 2035
-3490 2090
-3530 2090
-3530 2035

-3530 3490
-3490 3490
-3490 3610
-3530 3610
-3530 3490

-3440 -2990
-3400 -2990
-3400 -2870
-3440 -2870
-3440 -2990

-3440 -1550
-3400 -1550
-3400 -1510
-3440 -1510
-3440 -1550

-3040 3470
-3040 3710
-3130 3710
-3130 4265
-3170 4265
-3170 4110
-3300 4110
-3300 4065
-3400 4065
-3400 4070
-3440 4070
-3440 4030
-3400 4030
-3400 4035
-3270 4035
-3270 4080
-3170 4080
-3170 3670
-3080 3670
-3080 3470
-3040 3470

-3350 -3430
-3310 -3430
-3310 -3310
-3350 -3310
-3350 -3430

-3350 -1270
-3310 -1270
-3310 -1150
-3350 -1150
-3350 -1270

-3350 250
-3310 250
-3310 305
-3350 305
-3350 250

-3350 610
-3310 610
-3310 650
-3350 650
-3350 610

-3350 3490
-3310 3490
-3310 3610
-3350 3610
-3350 3490

-3260 -3800
-3220 -3800
-3220 -3760
-3260 -3760
-3260 -3800

-3260 -2990
-3220 -2990
-3220 -2870
-3260 -2870
-3260 -2990

-3085 -1550
-3085 -1510
-3125 -1510
-3125 -1515
-3220 -1515
-3220 -1510
-3260 -1510
-3260 -1550
-3220 -1550
-3220 -1545
-3125 -1545
-3125 -1550
-3085 -1550

-3170 -3430
-3130 -3430
-3130 -3310
-3170 -3310
-3170 -3430

-3170 -2540
-3130 -2540
-3130 -2500
-3170 -2500
-3170 -2540

-3170 -1270
-3130 -1270
-3130 -1150
-3170 -1150
-3170 -1270

-2905 -155
-2905 -115
-2945 -115
-2945 -120
-3130 -120
-3130 -55
-3170 -55
-3170 -850
-3130 -850
-3130 -780
-2945 -780
-2945 -785
-2905 -785
-2905 -745
-2945 -745
-2945 -750
-3130 -750
-3130 -150
-2945 -150
-2945 -155
-2905 -155

-3170 250
-3130 250
-3130 305
-3170 305
-3170 250

-3170 430
-3130 430
-3130 470
-3170 470
-3170 430

-3170 700
-3130 700
-3130 740
-3170 740
-3170 700

-3170 1330
-3130 1330
-3130 1450
-3170 1450
-3170 1330

-3170 1690
-3130 1690
-3130 1730
-3170 1730
-3170 1690

-3170 2035
-3130 2035
-3130 2090
-3170 2090
-3170 2035

-3170 3050
-3130 3050
-3130 3170
-3170 3170
-3170 3050

-2950 -4085
-2950 -3290
-2990 -3290
-2990 -3900
-3040 -3900
-3040 -3895
-3080 -3895
-3080 -3935
-3040 -3935
-3040 -3930
-2990 -3930
-2990 -4085
-2950 -4085

-3080 -2990
-3040 -2990
-3040 -2870
-3080 -2870
-3080 -2990

-3080 -1730
-3040 -1730
-3040 -1690
-3080 -1690
-3080 -1730

-3080 2680
-3040 2680
-3040 2720
-3080 2720
-3080 2680

-2990 -1270
-2950 -1270
-2950 -1150
-2990 -1150
-2990 -1270

-2990 520
-2950 520
-2950 560
-2990 560
-2990 520

-2990 1690
-2950 1690
-2950 1730
-2990 1730
-2990 1690

-2990 2410
-2950 2410
-2950 2465
-2990 2465
-2990 2410

-2990 3050
-2950 3050
-2950 3170
-2990 3170
-2990 3050

-2990 3850
-2950 3850
-2950 3890
-2990 3890
-2990 3850

-2900 -2630
-2860 -2630
-2860 -2590
-2900 -2590
-2900 -2630

-2500 -1370
-2500 -1130
-2540 -1130
-2540 -1330
-2630 -1330
-2630 -1650
-2730 -1650
-2730 -1605
-2860 -1605
-2860 -1600
-2900 -1600
-2900 -1640
-2860 -1640
-2860 -1635
-2760 -1635
-2760 -1680
-2630 -1680
-2630 -1925
-2590 -1925
-2590 -1370
-2500 -1370

-2770 1510
-2770 2105
-2810 2105
-2810 1550
-2900 1550
-2900 1310
-2860 1310
-2860 1510
-2770 1510

-2850 250
-2810 250
-2810 305
-2850 305
-2850 250

-2850 890
-2810 890
-2810 1010
-2850 1010
-2850 890

-2500 -2270
-2500 -2230
-2720 -2230
-2720 -2770
-2810 -2770
-2810 -3010
-2770 -3010
-2770 -2810
-2630 -2810
-2630 -3010
-2590 -3010
-2590 -2770
-2680 -2770
-2680 -2270
-2500 -2270

-2810 -1270
-2770 -1270
-2770 -1150
-2810 -1150
-2810 -1270

-2810 2410
-2770 2410
-2770 2465
-2810 2465
-2810 2410

-2810 3050
-2770 3050
-2770 3170
-2810 3170
-2810 3050

-2810 3490
-2770 3490
-2770 3610
-2810 3610
-2810 3490

-2810 3850
-2770 3850
-2770 3890
-2810 3890
-2810 3850

-2810 4195
-2770 4195
-2770 4250
-2810 4250
-2810 4195

-2500 -3530
-2500 -3290
-2540 -3290
-2540 -3490
-2630 -3490
-2630 -3495
-2725 -3495
-2725 -3490
-2765 -3490
-2765 -3530
-2725 -3530
-2725 -3525
-2630 -3525
-2630 -4085
-2590 -4085
-2590 -3530
-2500 -3530

-2640 700
-2640 1030
-2680 1030
-2680 740
-2720 740
-2720 430
-2680 430
-2680 235
-2640 235
-2640 470
-2680 470
-2680 700
-2640 700

-2630 -470
-2590 -470
-2590 -430
-2630 -430
-2630 -470

-2630 1600
-2590 1600
-2590 1640
-2630 1640
-2630 1600

-2630 1870
-2590 1870
-2590 1910
-2630 1910
-2630 1870

-2630 2035
-2590 2035
-2590 2090
-2630 2090
-2630 2035

-2630 3050
-2590 3050
-2590 3170
-2630 3170
-2630 3050

-2540 -2540
-2500 -2540
-2500 -2500
-2540 -2500
-2540 -2540

-2320 3940
-2320 3980
-2360 3980
-2360 3975
-2455 3975
-2455 3980
-2495 3980
-2495 3940
-2455 3940
-2455 3945
-2360 3945
-2360 3940
-2320 3940

-2450 -4070
-2410 -4070
-2410 -4015
-2450 -4015
-2450 -4070

-2450 -3710
-2410 -3710
-2410 -3670
-2450 -3670
-2450 -3710

-2450 -1910
-2410 -1910
-2410 -1855
-2450 -1855
-2450 -1910

-2450 -1550
-2410 -1550
-2410 -1510
-2450 -1510
-2450 -1550

-2450 3050
-2410 3050
-2410 3170
-2450 3170
-2450 3050

-2450 3490
-2410 3490
-2410 3610
-2450 3610
-2450 3490

-2360 -2990
-2320 -2990
-2320 -2870
-2360 -2870
-2360 -2990

-2360 -470
-2320 -470
-2320 -430
-2360 -430
-2360 -470

-2360 -290
-2320 -290
-2320 -250
-2360 -250
-2360 -290

-2190 1950
-2190 2105
-2230 2105
-2230 1990
-2360 1990
-2360 1510
-2230 1510
-2230 1310
-2190 1310
-2190 1550
-2320 1550
-2320 1950
-2190 1950

-2360 2680
-2320 2680
-2320 2720
-2360 2720
-2360 2680

-2270 -1910
-2230 -1910
-2230 -1855
-2270 -1855
-2270 -1910

-2270 -1730
-2230 -1730
-2230 -1690
-2270 -1690
-2270 -1730

-2270 -1550
-2230 -1550
-2230 -1510
-2270 -1510
-2270 -1550

-2270 3050
-2230 3050
-2230 3170
-2270 3170
-2270 3050

-2270 3490
-2230 3490
-2230 3610
-2270 3610
-2270 3490

-2180 -4070
-2140 -4070
-2140 -4015
-2180 -4015
-2180 -4070

-2180 -3890
-2140 -3890
-2140 -3850
-2180 -3850
-2180 -3890

-2180 -3710
-2140 -3710
-2140 -3670
-2180 -3670
-2180 -3710

-2180 -2990
-2140 -2990
-2140 -2870
-2180 -2870
-2180 -2990

-2090 -1640
-2050 -1640
-2050 -1600
-2090 -1600
-2090 -1640

-1920 -210
-1920 -55
-1960 -55
-1960 -170
-2090 -170
-2090 -650
-1960 -650
-1960 -850
-1920 -850
-1920 -610
-2050 -610
-2050 -210
-1920 -210

-2090 890
-2050 890
-2050 1010
-2090 1010
-2090 890

-1870 1780
-1870 1820
-1910 1820
-1910 1815
-2050 1815
-2050 1820
-2090 1820
-2090 1780
-2050 1780
-2050 1785
-1910 1785
-1910 1780
-1870 1780

-2090 3050
-2050 3050
-2050 3170
-2090 3170
-2090 3050

-2000 -3800
-1960 -3800
-1960 -3760
-2000 -3760
-2000 -3800

-2000 520
-1960 520
-1960 560
-2000 560
-2000 520

-2000 2680
-1960 2680
-1960 2720
-2000 2720
-2000 2680

-1950 -1910
-1910 -1910
-1910 -1855
-1950 -1855
-1950 -1910

-1950 -1270
-1910 -1270
-1910 -1150
-1950 -1150
-1950 -1270

-1555 -2765
-1555 -2725
-1595 -2725
-1595 -2730
-1870 -2730
-1870 -2215
-1910 -2215
-1910 -3010
-1870 -3010
-1870 -2760
-1595 -2760
-1595 -2765
-1555 -2765

-1910 -1460
-1870 -1460
-1870 -1420
-1910 -1420
-1910 -1460

-1910 250
-1870 250
-1870 305
-1910 305
-1910 250

-1910 890
-1870 890
-1870 1010
-1910 1010
-1910 890

-1910 1330
-1870 1330
-1870 1450
-1910 1450
-1910 1330

-1910 1600
-1870 1600
-1870 1640
-1910 1640
-1910 1600

-1910 2035
-1870 2035
-1870 2090
-1910 2090
-1910 2035

-1910 3050
-1870 3050
-1870 3170
-1910 3170
-1910 3050

-1910 3490
-1870 3490
-1870 3610
-1910 3610
-1910 3490

-1600 3470
-1600 3710
-1690 3710
-1690 4265
-1730 4265
-1730 3885
-1870 3885
-1870 3890
-1910 3890
-1910 3850
-1870 3850
-1870 3855
-1730 3855
-1730 3670
-1640 3670
-1640 3470
-1600 3470

-1910 4195
-1870 4195
-1870 4250
-1910 4250
-1910 4195

-1860 -4070
-1820 -4070
-1820 -4015
-1860 -4015
-1860 -4070

-1860 -3430
-1820 -3430
-1820 -3310
-1860 -3310
-1860 -3430

-1240 -850
-1240 -55
-1280 -55
-1280 -210
-1735 -210
-1735 -205
-1775 -205
-1775 -245
-1735 -245
-1735 -240
-1280 -240
-1280 -850
-1240 -850

-1600 2680
-1600 2720
-1640 2720
-1640 2715
-1735 2715
-1735 2720
-1775 2720
-1775 2680
-1735 2680
-1735 2685
-1640 2685
-1640 2680
-1600 2680

-1650 -3620
-1650 -3290
-1690 -3290
-1690 -3580
-1730 -3580
-1730 -3890
-1690 -3890
-1690 -4085
-1650 -4085
-1650 -3850
-1690 -3850
-1690 -3620
-1650 -3620

-1555 -1640
-1555 -1600
-1595 -1600
-1595 -1605
-1690 -1605
-1690 -1600
-1730 -1600
-1730 -1640
-1690 -1640
-1690 -1635
-1595 -1635
-1595 -1640
-1555 -1640

-1730 1780
-1690 1780
-1690 1820
-1730 1820
-1730 1780

-1730 3050
-1690 3050
-1690 3170
-1730 3170
-1730 3050

-1700 -1910
-1660 -1910
-1660 -1855
-1700 -1855
-1700 -1910

-1700 -1270
-1660 -1270
-1660 -1150
-1700 -1150
-1700 -1270

-1150 790
-1150 1030
-1190 1030
-1190 830
-1280 830
-1280 330
-1645 330
-1645 335
-1685 335
-1685 295
-1645 295
-1645 300
-1280 300
-1280 235
-1240 235
-1240 790
-1150 790

-1590 1330
-1550 1330
-1550 1450
-1590 1450
-1590 1330

-1590 2035
-1550 2035
-1550 2090
-1590 2090
-1590 2035

-1550 -2285
-1510 -2285
-1510 -2230
-1550 -2230
-1550 -2285

-1550 3050
-1510 3050
-1510 3170
-1550 3170
-1550 3050

-1375 3850
-1375 3890
-1415 3890
-1415 3885
-1510 3885
-1510 3890
-1550 3890
-1550 3850
-1510 3850
-1510 3855
-1415 3855
-1415 3850
-1375 3850

-1240 -4085
-1240 -3290
-1280 -3290
-1280 -3990
-1465 -3990
-1465 -3985
-1505 -3985
-1505 -4025
-1465 -4025
-1465 -4020
-1280 -4020
-1280 -4085
-1240 -4085

-1375 925
-1375 965
-1415 965
-1415 960
-1465 960
-1465 965
-1505 965
-1505 925
-1465 925
-1465 930
-1415 930
-1415 925
-1375 925

-1380 1870
-1380 2105
-1420 2105
-1420 1910
-1460 1910
-1460 1600
-1420 1600
-1420 1310
-1380 1310
-1380 1640
-1420 1640
-1420 1870
-1380 1870

-1460 2590
-1420 2590
-1420 2630
-1460 2630
-1460 2590

-1150 2770
-1150 2810
-1190 2810
-1190 2805
-1375 2805
-1375 2810
-1415 2810
-1415 2770
-1375 2770
-1375 2775
-1190 2775
-1190 2770
-1150 2770

-1400 3490
-1360 3490
-1360 3610
-1400 3610
-1400 3490

-1400 4195
-1360 4195
-1360 4250
-1400 4250
-1400 4195

-1150 -2540
-1150 -2500
-1190 -2500
-1190 -2505
-1330 -2505
-1330 -2500
-1370 -2500
-1370 -2540
-1330 -2540
-1330 -2535
-1190 -2535
-1190 -2540
-1150 -2540

-1370 -2285
-1330 -2285
-1330 -2230
-1370 -2230
-1370 -2285

-1370 -1910
-1330 -1910
-1330 -1855
-1370 -1855
-1370 -1910

-970 -1370
-970 -1130
-1010 -1130
-1010 -1330
-1100 -1330
-1100 -1470
-1230 -1470
-1230 -1515
-1330 -1515
-1330 -1510
-1370 -1510
-1370 -1550
-1330 -1550
-1330 -1545
-1200 -1545
-1200 -1500
-1100 -1500
-1100 -1925
-1060 -1925
-1060 -1370
-970 -1370

-1370 -1270
-1330 -1270
-1330 -1150
-1370 -1150
-1370 -1270

-1370 3050
-1330 3050
-1330 3170
-1370 3170
-1370 3050

-1190 -2285
-1150 -2285
-1150 -2230
-1190 -2230
-1190 -2285

-1190 3760
-1150 3760
-1150 3800
-1190 3800
-1190 3760

-1150 3490
-1110 3490
-1110 3610
-1150 3610
-1150 3490

-1150 4195
-1110 4195
-1110 4250
-1150 4250
-1150 4195

-1100 250
-1060 250
-1060 305
-1100 305
-1100 250

-1100 610
-1060 610
-1060 650
-1100 650
-1100 610

-1100 1330
-1060 1330
-1060 1450
-1100 1450
-1100 1330

-1100 1600
-1060 1600
-1060 1640
-1100 1640
-1100 1600

-1100 1870
-1060 1870
-1060 1910
-1100 1910
-1100 1870

-1100 2035
-1060 2035
-1060 2090
-1100 2090
-1100 2035

-1010 -2540
-970 -2540
-970 -2500
-1010 -2500
-1010 -2540

-1010 -2285
-970 -2285
-970 -2230
-1010 -2230
-1010 -2285

-1010 3940
-970 3940
-970 3980
-1010 3980
-1010 3940

-920 -1550
-880 -1550
-880 -1510
-920 -1510
-920 -1550

-920 -830
-880 -830
-880 -710
-920 -710
-920 -830

-920 -560
-880 -560
-880 -520
-920 -520
-920 -560

-920 -290
-880 -290
-880 -250
-920 -250
-920 -290

-920 -125
-880 -125
-880 -70
-920 -70
-920 -125

-920 250
-880 250
-880 305
-920 305
-920 250

-920 430
-880 430
-880 470
-920 470
-920 430

-920 700
-880 700
-880 740
-920 740
-920 700

-920 1780
-880 1780
-880 1820
-920 1820
-920 1780

-920 2770
-880 2770
-880 2810
-920 2810
-920 2770

-830 -2285
-790 -2285
-790 -2230
-830 -2230
-830 -2285

-700 2395
-700 2990
-790 2990
-790 3190
-830 3190
-830 2950
-740 2950
-740 2395
-700 2395

-830 3490
-790 3490
-790 3610
-830 3610
-830 3490

-830 3760
-790 3760
-790 3800
-830 3800
-830 3760

-830 4030
-790 4030
-790 4070
-830 4070
-830 4030

-830 4195
-790 4195
-790 4250
-830 4250
-830 4195

-780 1330
-740 1330
-740 1450
-780 1450
-780 1330

-780 2035
-740 2035
-740 2090
-780 2090
-780 2035

-770 -4070
-730 -4070
-730 -4015
-770 -4015
-770 -4070

-770 -3430
-730 -3430
-730 -3310
-770 -3310
-770 -3430

-740 -3800
-700 -3800
-700 -3760
-740 -3760
-740 -3800

-610 -2810
-610 -2215
-650 -2215
-650 -2770
-740 -2770
-740 -3010
-700 -3010
-700 -2810
-610 -2810

-385 -1775
-385 -1735
-425 -1735
-425 -1740
-700 -1740
-700 -1130
-740 -1130
-740 -1925
-700 -1925
-700 -1770
-425 -1770
-425 -1775
-385 -1775

-740 -380
-700 -380
-700 -340
-740 -340
-740 -380

-740 520
-700 520
-700 560
-740 560
-740 520

-740 1600
-700 1600
-700 1640
-740 1640
-740 1600

-650 3490
-610 3490
-610 3610
-650 3610
-650 3490

-650 4195
-610 4195
-610 4250
-650 4250
-650 4195

-600 -830
-560 -830
-560 -710
-600 -710
-600 -830

-600 -125
-560 -125
-560 -70
-600 -70
-600 -125

-600 250
-560 250
-560 305
-600 305
-600 250

-600 890
-560 890
-560 1010
-600 1010
-600 890

-560 -3620
-520 -3620
-520 -3580
-560 -3580
-560 -3620

-560 1780
-520 1780
-520 1820
-560 1820
-560 1780

-560 3940
-520 3940
-520 3980
-560 3980
-560 3940

-530 1330
-490 1330
-490 1450
-530 1450
-530 1330

-530 2035
-490 2035
-490 2090
-530 2090
-530 2035

-520 -4070
-480 -4070
-480 -4015
-520 -4015
-520 -4070

-520 -3430
-480 -3430
-480 -3310
-520 -3310
-520 -3430

-470 -1270
-430 -1270
-430 -1150
-470 -1150
-470 -1270

-390 -290
-390 -55
-430 -55
-430 -250
-470 -250
-470 -560
-430 -560
-430 -850
-390 -850
-390 -520
-430 -520
-430 -290
-390 -290

-390 700
-390 1030
-430 1030
-430 740
-470 740
-470 430
-430 430
-430 235
-390 235
-390 470
-430 470
-430 700
-390 700

-470 3490
-430 3490
-430 3610
-470 3610
-470 3490

-160 2395
-160 2900
-250 2900
-250 3190
-290 3190
-290 2895
-385 2895
-385 2900
-425 2900
-425 2860
-385 2860
-385 2865
-290 2865
-290 2860
-200 2860
-200 2395
-160 2395

-380 -3800
-340 -3800
-340 -3760
-380 -3760
-380 -3800

-380 -2990
-340 -2990
-340 -2870
-380 -2870
-380 -2990

-160 -2630
-160 -2590
-200 -2590
-200 -2595
-340 -2595
-340 -2590
-380 -2590
-380 -2630
-340 -2630
-340 -2625
-200 -2625
-200 -2630
-160 -2630

-380 -2285
-340 -2285
-340 -2230
-380 -2230
-380 -2285

-380 -1550
-340 -1550
-340 -1510
-380 -1510
-380 -1550

-290 -1270
-250 -1270
-250 -1150
-290 -1150
-290 -1270

-290 3490
-250 3490
-250 3610
-290 3610
-290 3490

-200 -4070
-160 -4070
-160 -4015
-200 -4015
-200 -4070

-200 -3890
-160 -3890
-160 -3850
-200 -3850
-200 -3890

-200 -3710
-160 -3710
-160 -3670
-200 -3670
-200 -3710

-200 -2990
-160 -2990
-160 -2870
-200 -2870
-200 -2990

-200 -2285
-160 -2285
-160 -2230
-200 -2230
-200 -2285

-200 -1550
-160 -1550
-160 -1510
-200 -1510
-200 -1550

-200 1690
-160 1690
-160 1730
-200 1730
-200 1690

-200 3940
-160 3940
-160 3980
-200 3980
-200 3940

20 -1730
20 -1690
-20 -1690
-20 -1695
-115 -1695
-115 -1690
-155 -1690
-155 -1730
-115 -1730
-115 -1725
-20 -1725
-20 -1730
20 -1730

-110 -1270
-70 -1270
-70 -1150
-110 -1150
-110 -1270

-110 3490
-70 3490
-70 3610
-110 3610
-110 3490

-20 -3710
20 -3710
20 -3670
-20 -3670
-20 -3710

110 610
110 1030
70 1030
70 960
20 960
20 965
-20 965
-20 925
20 925
20 930
70 930
70 650
-20 650
-20 350
70 350
70 235
110 235
110 390
20 390
20 610
110 610

200 -4085
200 -3490
110 -3490
110 -3290
70 -3290
70 -3530
160 -3530
160 -3990
110 -3990
110 -3985
70 -3985
70 -4025
110 -4025
110 -4020
160 -4020
160 -4085
200 -4085

200 -3010
200 -2770
110 -2770
110 -2215
70 -2215
70 -2810
160 -2810
160 -3010
200 -3010

70 -1270
110 -1270
110 -1150
70 -1150
70 -1270

70 1330
110 1330
110 1450
70 1450
70 1330

290 1690
290 1730
250 1730
250 1725
110 1725
110 1730
70 1730
70 1690
110 1690
110 1695
250 1695
250 1690
290 1690

70 2035
110 2035
110 2090
70 2090
70 2035

200 2950
200 3190
160 3190
160 2990
70 2990
70 2395
110 2395
110 2950
200 2950

160 -1640
200 -1640
200 -1600
160 -1600
160 -1640

160 3490
200 3490
200 3610
160 3610
160 3490

160 3850
200 3850
200 3890
160 3890
160 3850

160 4195
200 4195
200 4250
160 4250
160 4195

250 -2285
290 -2285
290 -2230
250 -2230
250 -2285

250 -1270
290 -1270
290 -1150
250 -1150
250 -1270

250 -470
290 -470
290 -430
250 -430
250 -470

250 -290
290 -290
290 -250
250 -250
250 -290

250 -125
290 -125
290 -70
250 -70
250 -125

250 1330
290 1330
290 1450
250 1450
250 1330

250 2035
290 2035
290 2090
250 2090
250 2035

250 2770
290 2770
290 2810
250 2810
250 2770

470 -1925
470 -1130
430 -1130
430 -1740
335 -1740
335 -1735
295 -1735
295 -1775
335 -1775
335 -1770
430 -1770
430 -1925
470 -1925

340 -3430
380 -3430
380 -3310
340 -3310
340 -3430

420 700
420 1030
380 1030
380 740
340 740
340 430
380 430
380 235
420 235
420 470
380 470
380 700
420 700

470 3760
470 4265
430 4265
430 3800
340 3800
340 3470
380 3470
380 3760
470 3760

430 -3800
470 -3800
470 -3760
430 -3760
430 -3800

430 -2285
470 -2285
470 -2230
430 -2230
430 -2285

430 -380
470 -380
470 -340
430 -340
430 -380

520 -3430
560 -3430
560 -3310
520 -3310
520 -3430

520 1330
560 1330
560 1450
520 1450
520 1330

520 1690
560 1690
560 1730
520 1730
520 1690

520 2035
560 2035
560 2090
520 2090
520 2035

520 2770
560 2770
560 2810
520 2810
520 2770

520 3050
560 3050
560 3170
520 3170
520 3050

830 2545
830 2585
790 2585
790 2580
605 2580
605 2585
565 2585
565 2545
605 2545
605 2550
790 2550
790 2545
830 2545

570 -830
610 -830
610 -710
570 -710
570 -830

570 -125
610 -125
610 -70
570 -70
570 -125

785 -2630
785 -2590
745 -2590
745 -2595
650 -2595
650 -2590
610 -2590
610 -2630
650 -2630
650 -2625
745 -2625
745 -2630
785 -2630

610 -2285
650 -2285
650 -2230
610 -2230
610 -2285

610 235
650 235
650 1030
610 1030
610 235

670 -1910
710 -1910
710 -1855
670 -1855
670 -1910

670 -1270
710 -1270
710 -1150
670 -1150
670 -1270

700 -1640
740 -1640
740 -1600
700 -1600
700 -1640

780 -290
780 -55
740 -55
740 -250
700 -250
700 -560
740 -560
740 -850
780 -850
780 -520
740 -520
740 -290
780 -290

700 2770
740 2770
740 2810
700 2810
700 2770

700 3490
740 3490
740 3610
700 3610
700 3490

700 3850
740 3850
740 3890
700 3890
700 3850

700 4195
740 4195
740 4250
700 4250
700 4195

790 -3430
830 -3430
830 -3310
790 -3310
790 -3430

790 -2285
830 -2285
830 -2230
790 -2230
790 -2285

790 610
830 610
830 650
790 650
790 610

790 1690
830 1690
830 1730
790 1730
790 1690

1055 -3800
1055 -3760
1015 -3760
1015 -3765
920 -3765
920 -3760
880 -3760
880 -3800
920 -3800
920 -3795
1015 -3795
1015 -3800
1055 -3800

880 -1460
920 -1460
920 -1420
880 -1420
880 -1460

880 890
920 890
920 1010
880 1010
880 890

1280 1645
1280 1685
1240 1685
1240 1680
1010 1680
1010 2105
970 2105
970 1550
880 1550
880 1310
920 1310
920 1510
1010 1510
1010 1650
1240 1650
1240 1645
1280 1645

920 -1910
960 -1910
960 -1855
920 -1855
920 -1910

920 -1270
960 -1270
960 -1150
920 -1150
920 -1270

970 -4070
1010 -4070
1010 -4015
970 -4015
970 -4070

970 -3430
1010 -3430
1010 -3310
970 -3310
970 -3430

1235 -2630
1235 -2590
1195 -2590
1195 -2595
1010 -2595
1010 -2590
970 -2590
970 -2630
1010 -2630
1010 -2625
1195 -2625
1195 -2630
1235 -2630

970 -2285
1010 -2285
1010 -2230
970 -2230
970 -2285

970 610
1010 610
1010 650
970 650
970 610

1370 430
1370 470
1330 470
1330 465
1055 465
1055 470
1015 470
1015 430
1055 430
1055 435
1330 435
1330 430
1370 430

1060 -1640
1100 -1640
1100 -1600
1060 -1600
1060 -1640

1060 890
1100 890
1100 1010
1060 1010
1060 890

1235 2680
1235 2720
1195 2720
1195 2715
1100 2715
1100 2720
1060 2720
1060 2680
1100 2680
1100 2685
1195 2685
1195 2680
1235 2680

1060 3490
1100 3490
1100 3610
1060 3610
1060 3490

1060 4195
1100 4195
1100 4250
1060 4250
1060 4195

1150 610
1190 610
1190 650
1150 650
1150 610

1150 1330
1190 1330
1190 1450
1150 1450
1150 1330

1240 -4070
1280 -4070
1280 -4015
1240 -4015
1240 -4070

1240 -3800
1280 -3800
1280 -3760
1240 -3760
1240 -3800

1550 -1370
1550 -1130
1510 -1130
1510 -1330
1420 -1330
1420 -1425
1280 -1425
1280 -1420
1240 -1420
1240 -1460
1280 -1460
1280 -1455
1420 -1455
1420 -1925
1460 -1925
1460 -1370
1550 -1370

1240 890
1280 890
1280 1010
1240 1010
1240 890

1240 1870
1280 1870
1280 1910
1240 1910
1240 1870

1640 -850
1640 -610
1550 -610
1550 -55
1510 -55
1510 -615
1325 -615
1325 -610
1285 -610
1285 -650
1325 -650
1325 -645
1510 -645
1510 -650
1600 -650
1600 -850
1640 -850

1330 1330
1370 1330
1370 1450
1330 1450
1330 1330

1640 2410
1640 2450
1460 2450
1460 2950
1550 2950
1550 3190
1510 3190
1510 2990
1370 2990
1370 3190
1330 3190
1330 2950
1420 2950
1420 2410
1640 2410

1420 -4070
1460 -4070
1460 -4015
1420 -4015
1420 -4070

1420 -2990
1460 -2990
1460 -2870
1420 -2870
1420 -2990

1420 -2285
1460 -2285
1460 -2230
1420 -2230
1420 -2285

1420 890
1460 890
1460 1010
1420 1010
1420 890

1420 1780
1460 1780
1460 1820
1420 1820
1420 1780

1640 -4085
1640 -3290
1600 -3290
1600 -3540
1505 -3540
1505 -3535
1465 -3535
1465 -3575
1505 -3575
1505 -3570
1600 -3570
1600 -4085
1640 -4085

1510 520
1550 520
1550 560
1510 560
1510 520

1510 1330
1550 1330
1550 1450
1510 1450
1510 1330

1510 2035
1550 2035
1550 2090
1510 2090
1510 2035

1865 -2720
1865 -2680
1825 -2680
1825 -2685
1730 -2685
1730 -2215
1690 -2215
1690 -2680
1600 -2680
1600 -3010
1640 -3010
1640 -2720
1730 -2720
1730 -2715
1825 -2715
1825 -2720
1865 -2720

1600 -1550
1640 -1550
1640 -1510
1600 -1510
1600 -1550

1600 890
1640 890
1640 1010
1600 1010
1600 890

1775 2680
1775 2720
1735 2720
1735 2715
1640 2715
1640 2720
1600 2720
1600 2680
1640 2680
1640 2685
1735 2685
1735 2680
1775 2680

1690 1330
1730 1330
1730 1450
1690 1450
1690 1330

1690 2035
1730 2035
1730 2090
1690 2090
1690 2035

1910 520
1910 560
1870 560
1870 555
1775 555
1775 560
1735 560
1735 520
1775 520
1775 525
1870 525
1870 520
1910 520

1780 1780
1820 1780
1820 1820
1780 1820
1780 1780

1780 3050
1820 3050
1820 3170
1780 3170
1780 3050

2000 -3800
2000 -3760
1960 -3760
1960 -3765
1865 -3765
1865 -3760
1825 -3760
1825 -3800
1865 -3800
1865 -3795
1960 -3795
1960 -3800
2000 -3800

1870 -3430
1910 -3430
1910 -3310
1870 -3310
1870 -3430

2000 -1640
2000 -1600
1960 -1600
1960 -1605
1910 -1605
1910 -1600
1870 -1600
1870 -1640
1910 -1640
1910 -1635
1960 -1635
1960 -1640
2000 -1640

1870 890
1910 890
1910 1010
1870 1010
1870 890

1870 1330
1910 1330
1910 1450
1870 1450
1870 1330

1960 -2285
2000 -2285
2000 -2230
1960 -2230
1960 -2285

1960 3050
2000 3050
2000 3170
1960 3170
1960 3050

2050 -3430
2090 -3430
2090 -3310
2050 -3310
2050 -3430

2050 -2540
2090 -2540
2090 -2500
2050 -2500
2050 -2540

2050 -1270
2090 -1270
2090 -1150
2050 -1150
2050 -1270

2180 -210
2180 -55
2140 -55
2140 -170
2050 -170
2050 -470
2140 -470
2140 -750
2090 -750
2090 -745
2050 -745
2050 -785
2090 -785
2090 -780
2140 -780
2140 -850
2180 -850
2180 -430
2090 -430
2090 -210
2180 -210

2050 430
2090 430
2090 470
2050 470
2050 430

2050 890
2090 890
2090 1010
2050 1010
2050 890

2050 1330
2090 1330
2090 1450
2050 1450
2050 1330

2050 2590
2090 2590
2090 2630
2050 2630
2050 2590

2180 3470
2180 3710
2090 3710
2090 4265
2050 4265
2050 3670
2140 3670
2140 3470
2180 3470

2315 -1640
2315 -1600
2275 -1600
2275 -1605
2180 -1605
2180 -1600
2140 -1600
2140 -1640
2180 -1640
2180 -1635
2275 -1635
2275 -1640
2315 -1640

2140 3050
2180 3050
2180 3170
2140 3170
2140 3050

2360 1310
2360 2105
2320 2105
2320 2040
2225 2040
2225 2045
2185 2045
2185 2005
2225 2005
2225 2010
2320 2010
2320 1310
2360 1310

2360 2770
2360 2810
2320 2810
2320 2805
2225 2805
2225 2810
2185 2810
2185 2770
2225 2770
2225 2775
2320 2775
2320 2770
2360 2770

2230 -1910
2270 -1910
2270 -1855
2230 -1855
2230 -1910

2230 -1270
2270 -1270
2270 -1150
2230 -1150
2230 -1270

2230 610
2270 610
2270 650
2230 650
2230 610

2230 890
2270 890
2270 1010
2230 1010
2230 890

2230 3850
2270 3850
2270 3890
2230 3890
2230 3850

2720 -3530
2720 -3290
2680 -3290
2680 -3490
2590 -3490
2590 -3900
2360 -3900
2360 -3895
2320 -3895
2320 -3935
2360 -3935
2360 -3930
2590 -3930
2590 -4085
2630 -4085
2630 -3530
2720 -3530

2320 -2540
2360 -2540
2360 -2500
2320 -2500
2320 -2540

2410 -3710
2450 -3710
2450 -3670
2410 -3670
2410 -3710

2490 -290
2490 -55
2450 -55
2450 -250
2410 -250
2410 -560
2450 -560
2450 -850
2490 -850
2490 -520
2450 -520
2450 -290
2490 -290

2410 610
2450 610
2450 650
2410 650
2410 610

2410 890
2450 890
2450 1010
2410 1010
2410 890

2410 3490
2450 3490
2450 3610
2410 3610
2410 3490

2540 3850
2540 3890
2500 3890
2500 3885
2450 3885
2450 3890
2410 3890
2410 3850
2450 3850
2450 3855
2500 3855
2500 3850
2540 3850

2540 -1730
2540 -1420
2500 -1420
2500 -1130
2460 -1130
2460 -1460
2500 -1460
2500 -1690
2460 -1690
2460 -1925
2500 -1925
2500 -1730
2540 -1730

2500 -2990
2540 -2990
2540 -2870
2500 -2870
2500 -2990

2590 -2540
2630 -2540
2630 -2500
2590 -2500
2590 -2540

2590 890
2630 890
2630 1010
2590 1010
2590 890

2680 -2990
2720 -2990
2720 -2870
2680 -2870
2680 -2990

2680 3050
2720 3050
2720 3170
2680 3170
2680 3050

3080 3470
3080 3710
2990 3710
2990 4250
2770 4250
2770 4210
2950 4210
2950 3710
2860 3710
2860 3705
2765 3705
2765 3710
2725 3710
2725 3670
2765 3670
2765 3675
2860 3675
2860 3470
2900 3470
2900 3670
3040 3670
3040 3470
3080 3470

2770 -3710
2810 -3710
2810 -3670
2770 -3670
2770 -3710

2900 -1810
2900 -1510
2810 -1510
2810 -1130
2770 -1130
2770 -1550
2860 -1550
2860 -1770
2770 -1770
2770 -1925
2810 -1925
2810 -1810
2900 -1810

2770 -830
2810 -830
2810 -710
2770 -710
2770 -830

2990 2680
2990 2720
2950 2720
2950 2715
2810 2715
2810 2720
2770 2720
2770 2680
2810 2680
2810 2685
2950 2685
2950 2680
2990 2680

2770 3940
2810 3940
2810 3980
2770 3980
2770 3940

2860 -2990
2900 -2990
2900 -2870
2860 -2870
2860 -2990

2860 -380
2900 -380
2900 -340
2860 -340
2860 -380

2860 3050
2900 3050
2900 3170
2860 3170
2860 3050

2950 -830
2990 -830
2990 -710
2950 -710
2950 -830

2950 250
2990 250
2990 305
2950 305
2950 250

2950 610
2990 610
2990 650
2950 650
2950 610

2950 890
2990 890
2990 1010
2950 1010
2950 890

2950 1330
2990 1330
2990 1450
2950 1450
2950 1330

3040 -4070
3080 -4070
3080 -4015
3040 -4015
3040 -4070

3040 -3710
3080 -3710
3080 -3670
3040 -3670
3040 -3710

3040 -2990
3080 -2990
3080 -2870
3040 -2870
3040 -2990

3040 -2285
3080 -2285
3080 -2230
3040 -2230
3040 -2285

3040 1780
3080 1780
3080 1820
3040 1820
3040 1780

3130 250
3170 250
3170 305
3130 305
3130 250

3130 610
3170 610
3170 650
3130 650
3130 610

3130 1330
3170 1330
3170 1450
3130 1450
3130 1330

3130 2410
3170 2410
3170 2465
3130 2465
3130 2410

3395 2770
3395 2810
3355 2810
3355 2805
3170 2805
3170 2810
3130 2810
3130 2770
3170 2770
3170 2775
3355 2775
3355 2770
3395 2770

3130 3050
3170 3050
3170 3170
3130 3170
3130 3050

3440 3470
3440 3710
3350 3710
3350 4265
3310 4265
3310 3885
3170 3885
3170 3890
3130 3890
3130 3850
3170 3850
3170 3855
3310 3855
3310 3670
3400 3670
3400 3470
3440 3470

3220 -4070
3260 -4070
3260 -4015
3220 -4015
3220 -4070

3220 -3800
3260 -3800
3260 -3760
3220 -3760
3220 -3800

3220 -3010
3260 -3010
3260 -2215
3220 -2215
3220 -3010

3350 -1925
3350 -1330
3260 -1330
3260 -1130
3220 -1130
3220 -1370
3310 -1370
3310 -1925
3350 -1925

3220 -830
3260 -830
3260 -710
3220 -710
3220 -830
3220 -830

3440 -470
3440 -430
3400 -430
3400 -435
3260 -435
3260 -430
3220 -430
3220 -470
3260 -470
3260 -465
3400 -465
3400 -470
3440 -470

3220 -125
3260 -125
3260 -70
3220 -70
3220 -125

3710 1310
3710 1550
3620 1550
3620 2090
3400 2090
3400 2085
3305 2085
3305 2090
3265 2090
3265 2050
3305 2050
3305 2055
3400 2055
3400 2050
3580 2050
3580 1550
3490 1550
3490 1310
3530 1310
3530 1510
3670 1510
3670 1310
3710 1310

3310 250
3350 250
3350 305
3310 305
3310 250

3620 -4085
3620 -3490
3530 -3490
3530 -3290
3490 -3290
3490 -3495
3395 -3495
3395 -3490
3355 -3490
3355 -3530
3395 -3530
3395 -3525
3490 -3525
3490 -3530
3580 -3530
3580 -4085
3620 -4085

3400 -3710
3440 -3710
3440 -3670
3400 -3670
3400 -3710

3400 -125
3440 -125
3440 -70
3400 -70
3400 -125

3400 1780
3440 1780
3440 1820
3400 1820
3400 1780

3400 3050
3440 3050
3440 3170
3400 3170
3400 3050

3620 -2540
3620 -2500
3580 -2500
3580 -2505
3485 -2505
3485 -2500
3445 -2500
3445 -2540
3485 -2540
3485 -2535
3580 -2535
3580 -2540
3620 -2540

3490 -2990
3530 -2990
3530 -2870
3490 -2870
3490 -2990

3490 -1910
3530 -1910
3530 -1855
3490 -1855
3490 -1910

3490 -1550
3530 -1550
3530 -1510
3490 -1510
3490 -1550

3490 -1270
3530 -1270
3530 -1150
3490 -1150
3490 -1270

3490 2590
3530 2590
3530 2630
3490 2630
3490 2590

3490 3850
3530 3850
3530 3890
3490 3890
3490 3850

3580 -830
3620 -830
3620 -710
3580 -710
3580 -830

3580 -125
3620 -125
3620 -70
3580 -70
3580 -125

3580 250
3620 250
3620 305
3580 305
3580 250

3755 610
3755 650
3715 650
3715 645
3620 645
3620 650
3580 650
3580 610
3620 610
3620 615
3715 615
3715 610
3755 610

3580 3050
3620 3050
3620 3170
3580 3170
3580 3050

3800 -380
3800 -340
3760 -340
3760 -345
3665 -345
3665 -340
3625 -340
3625 -380
3665 -380
3665 -375
3760 -375
3760 -380
3800 -380

3670 -2990
3710 -2990
3710 -2870
3670 -2870
3670 -2990

4070 2950
4070 3190
4030 3190
4030 2990
3940 2990
3940 2670
3840 2670
3840 2715
3710 2715
3710 2720
3670 2720
3670 2680
3710 2680
3710 2685
3810 2685
3810 2640
3940 2640
3940 2395
3980 2395
3980 2950
4070 2950

3670 3490
3710 3490
3710 3610
3670 3610
3670 3490

3890 -3010
3890 -2215
3850 -2215
3850 -2460
3800 -2460
3800 -2455
3760 -2455
3760 -2495
3800 -2495
3800 -2490
3850 -2490
3850 -3010
3890 -3010

4070 -850
4070 -610
3980 -610
3980 -70
3760 -70
3760 -110
3940 -110
3940 -610
3850 -610
3850 -850
3890 -850
3890 -650
4030 -650
4030 -850
4070 -850

3760 250
3800 250
3800 305
3760 305
3760 250

3760 1690
3800 1690
3800 1730
3760 1730
3760 1690

3760 3050
3800 3050
3800 3170
3760 3170
3760 3050

3760 3940
3800 3940
3800 3980
3760 3980
3760 3940

3850 -4070
3890 -4070
3890 -4015
3850 -4015
3850 -4070

3850 3490
3890 3490
3890 3610
3850 3610
3850 3490

3940 250
3980 250
3980 305
3940 305
3940 250

3940 610
3980 610
3980 650
3940 650
3940 610

3940 1330
3980 1330
3980 1450
3940 1450
3940 1330

4030 -4070
4070 -4070
4070 -4015
4030 -4015
4030 -4070

4250 -3710
4250 -3670
4210 -3670
4210 -3675
4070 -3675
4070 -3670
4030 -3670
4030 -3710
4070 -3710
4070 -3705
4210 -3705
4210 -3710
4250 -3710

4030 -3430
4070 -3430
4070 -3310
4030 -3310
4030 -3430

4205 -1640
4205 -1600
4165 -1600
4165 -1605
4070 -1605
4070 -1600
4030 -1600
4030 -1640
4070 -1640
4070 -1635
4165 -1635
4165 -1640
4205 -1640

4030 1780
4070 1780
4070 1820
4030 1820
4030 1780

4030 3490
4070 3490
4070 3610
4030 3610
4030 3490

4430 -3010
4430 -2770
4340 -2770
4340 -2230
4120 -2230
4120 -2270
4300 -2270
4300 -2770
4210 -2770
4210 -3010
4250 -3010
4250 -2810
4390 -2810
4390 -3010
4430 -3010

4120 -1910
4160 -1910
4160 -1855
4120 -1855
4120 -1910

4430 -850
4430 -610
4340 -610
4340 -55
4300 -55
4300 -435
4160 -435
4160 -430
4120 -430
4120 -470
4160 -470
4160 -465
4300 -465
4300 -650
4390 -650
4390 -850
4430 -850

4120 890
4160 890
4160 1010
4120 1010
4120 890

4120 1330
4160 1330
4160 1450
4120 1450
4120 1330

4120 2770
4160 2770
4160 2810
4120 2810
4120 2770

4120 3940
4160 3940
4160 3980
4120 3980
4120 3940

4385 520
4385 560
4345 560
4345 555
4250 555
4250 560
4210 560
4210 520
4250 520
4250 525
4345 525
4345 520
4385 520

4210 3490
4250 3490
4250 3610
4210 3610
4210 3490

4300 -3430
4340 -3430
4340 -3310
4300 -3310
4300 -3430

4300 -1910
4340 -1910
4340 -1855
4300 -1855
4300 -1910

4300 890
4340 890
4340 1010
4300 1010
4300 890

4300 1330
4340 1330
4340 1450
4300 1450
4300 1330

4390 -3800
4430 -3800
4430 -3760
4390 -3760
4390 -3800

4390 -1640
4430 -1640
4430 -1600
4390 -1600
4390 -1640

4565 1780
4565 1820
4525 1820
4525 1815
4430 1815
4430 1820
4390 1820
4390 1780
4430 1780
4430 1785
4525 1785
4525 1780
4565 1780

4480 -3430
4520 -3430
4520 -3310
4480 -3310
4480 -3430

4480 -2630
4520 -2630
4520 -2590
4480 -2590
4480 -2630

4655 -470
4655 -430
4615 -430
4615 -435
4520 -435
4520 -430
4480 -430
4480 -470
4520 -470
4520 -465
4615 -465
4615 -470
4655 -470

4480 1330
4520 1330
4520 1450
4480 1450
4480 1330

4655 2770
4655 2810
4615 2810
4615 2805
4520 2805
4520 2810
4480 2810
4480 2770
4520 2770
4520 2775
4615 2775
4615 2770
4655 2770

4480 3490
4520 3490
4520 3610
4480 3610
4480 3490

4655 3850
4655 3890
4615 3890
4615 3885
4520 3885
4520 3890
4480 3890
4480 3850
4520 3850
4520 3855
4615 3855
4615 3850
4655 3850

4480 4195
4520 4195
4520 4250
4480 4250
4480 4195

