-4340 1780
-4300 1780
-4300 1820
-4340 1820
-4340 1780

-3940 1600
-3940 2105
-3980 2105
-3980 1950
-4300 1950
-4300 1955
-4340 1955
-4340 1915
-4300 1915
-4300 1920
-3980 1920
-3980 1640
-4070 1640
-4070 1310
-4030 1310
-4030 1600
-3940 1600

-4075 1690
-4075 1730
-4115 1730
-4115 1725
-4210 1725
-4210 1730
-4250 1730
-4250 1690
-4210 1690
-4210 1695
-4115 1695
-4115 1690
-4075 1690

-4030 1780
-4030 1820
-4070 1820
-4070 1815
-4165 1815
-4165 1820
-4205 1820
-4205 1780
-4165 1780
-4165 1785
-4070 1785
-4070 1780
-4030 1780

-3670 3850
-3670 3890
-3710 3890
-3710 3850
-3705 3850
-3705 3750
-3840 3750
-3840 3705
-3940 3705
-3940 3710
-4030 3710
-4030 4265
-4070 4265
-4070 3670
-3980 3670
-3980 3470
-3940 3470
-3940 3675
-3810 3675
-3810 3720
-3675 3720
-3675 3850
-3670 3850

-3715 3940
-3715 3980
-3755 3980
-3755 3975
-3940 3975
-3940 3980
-3980 3980
-3980 3940
-3940 3940
-3940 3945
-3755 3945
-3755 3940
-3715 3940

-3580 4075
-3580 4115
-3620 4115
-3620 4110
-3940 4110
-3940 4115
-3980 4115
-3980 4075
-3940 4075
-3940 4080
-3620 4080
-3620 4075
-3580 4075

-3310 4210
-3310 4250
-3530 4250
-3530 3710
-3620 3710
-3620 3470
-3580 3470
-3580 3670
-3440 3670
-3440 3470
-3400 3470
-3400 3710
-3490 3710
-3490 4210
-3310 4210

-3620 3940
-3580 3940
-3580 3980
-3620 3980
-3620 3940

160 -2540
200 -2540
200 -2500
160 -2500
160 -2540

560 -2720
560 -2215
520 -2215
520 -2370
200 -2370
200 -2365
160 -2365
160 -2405
200 -2405
200 -2400
520 -2400
520 -2680
430 -2680
430 -3010
470 -3010
470 -2720
560 -2720

425 -2630
425 -2590
385 -2590
385 -2595
290 -2595
290 -2590
250 -2590
250 -2630
290 -2630
290 -2625
385 -2625
385 -2630
425 -2630

470 -2540
470 -2500
430 -2500
430 -2505
335 -2505
335 -2500
295 -2500
295 -2540
335 -2540
335 -2535
430 -2535
430 -2540
470 -2540

1370 3760
1370 4265
1330 4265
1330 3800
1240 3800
1240 3795
1145 3795
1145 3800
1105 3800
1105 3760
1145 3760
1145 3765
1240 3765
1240 3470
1280 3470
1280 3760
1370 3760

1595 3850
1595 3890
1555 3890
1555 3885
1460 3885
1460 3890
1420 3890
1420 3850
1460 3850
1460 3855
1555 3855
1555 3850
1595 3850

1640 3940
1640 3980
1600 3980
1600 3975
1460 3975
1460 3980
1420 3980
1420 3940
1460 3940
1460 3945
1600 3945
1600 3940
1640 3940

1730 3760
1730 4265
1690 4265
1690 4110
1460 4110
1460 4115
1420 4115
1420 4075
1460 4075
1460 4080
1690 4080
1690 3800
1600 3800
1600 3470
1640 3470
1640 3760
1730 3760

