-4120 -3970
-4120 -3490
-4250 -3490
-4250 -3290
-4290 -3290
-4290 -3530
-4160 -3530
-4160 -3930
-4290 -3930
-4290 -4085
-4250 -4085
-4250 -3970
-4120 -3970

-4120 -1685
-4120 -1645
-4160 -1645
-4160 -1650
-4210 -1650
-4210 -1645
-4250 -1645
-4250 -1685
-4210 -1685
-4210 -1680
-4160 -1680
-4160 -1685
-4120 -1685

-4160 -3010
-4120 -3010
-4120 -2215
-4160 -2215
-4160 -3010

-4160 2410
-4120 2410
-4120 2465
-4160 2465
-4160 2410

-4070 -470
-4030 -470
-4030 -430
-4070 -430
-4070 -470

-3265 -3620
-3265 -3580
-3305 -3580
-3305 -3585
-3850 -3585
-3850 -3580
-3890 -3580
-3890 -3620
-3850 -3620
-3850 -3615
-3305 -3615
-3305 -3620
-3265 -3620

-3715 1690
-3715 1730
-3755 1730
-3755 1725
-3850 1725
-3850 1730
-3890 1730
-3890 1690
-3850 1690
-3850 1695
-3755 1695
-3755 1690
-3715 1690

-3630 -210
-3630 -55
-3670 -55
-3670 -170
-3800 -170
-3800 -650
-3670 -650
-3670 -850
-3630 -850
-3630 -610
-3760 -610
-3760 -210
-3630 -210

-3490 -2540
-3490 -2500
-3530 -2500
-3530 -2505
-3715 -2505
-3715 -2500
-3755 -2500
-3755 -2540
-3715 -2540
-3715 -2535
-3530 -2535
-3530 -2540
-3490 -2540

-3710 2410
-3670 2410
-3670 2465
-3710 2465
-3710 2410

-3265 -380
-3265 -340
-3305 -340
-3305 -345
-3490 -345
-3490 -340
-3530 -340
-3530 -380
-3490 -380
-3490 -375
-3305 -375
-3305 -380
-3265 -380

-3400 790
-3400 1030
-3440 1030
-3440 830
-3530 830
-3530 235
-3490 235
-3490 300
-3440 300
-3440 295
-3400 295
-3400 335
-3440 335
-3440 330
-3490 330
-3490 790
-3400 790

-3220 2545
-3220 2585
-3260 2585
-3260 2580
-3400 2580
-3400 2900
-3490 2900
-3490 3190
-3530 3190
-3530 2860
-3440 2860
-3440 2395
-3400 2395
-3400 2550
-3260 2550
-3260 2545
-3220 2545

-3170 610
-3130 610
-3130 650
-3170 650
-3170 610

-2680 -850
-2680 -610
-2770 -610
-2770 -55
-2810 -55
-2810 -615
-2995 -615
-2995 -610
-3035 -610
-3035 -650
-2995 -650
-2995 -645
-2810 -645
-2810 -650
-2720 -650
-2720 -850
-2680 -850

-2680 2680
-2680 2720
-2720 2720
-2720 2715
-2905 2715
-2905 2720
-2945 2720
-2945 2680
-2905 2680
-2905 2685
-2720 2685
-2720 2680
-2680 2680

-2730 790
-2730 1030
-2770 1030
-2770 830
-2900 830
-2900 350
-2770 350
-2770 235
-2730 235
-2730 390
-2860 390
-2860 790
-2730 790

-2630 1690
-2590 1690
-2590 1730
-2630 1730
-2630 1690

-2450 1780
-2410 1780
-2410 1820
-2450 1820
-2450 1780

-2310 1330
-2270 1330
-2270 1450
-2310 1450
-2310 1330

-2310 2035
-2270 2035
-2270 2090
-2310 2090
-2310 2035

-2005 -2540
-2005 -2500
-2045 -2500
-2045 -2505
-2230 -2505
-2230 -2500
-2270 -2500
-2270 -2540
-2230 -2540
-2230 -2535
-2045 -2535
-2045 -2540
-2005 -2540

-2270 -1460
-2230 -1460
-2230 -1420
-2270 -1420
-2270 -1460

-2140 -210
-2140 -55
-2180 -55
-2180 -170
-2270 -170
-2270 -470
-2180 -470
-2180 -750
-2230 -750
-2230 -745
-2270 -745
-2270 -785
-2230 -785
-2230 -780
-2180 -780
-2180 -850
-2140 -850
-2140 -430
-2230 -430
-2230 -210
-2140 -210

-2180 -3620
-2140 -3620
-2140 -3580
-2180 -3580
-2180 -3620

-2100 1870
-2100 2105
-2140 2105
-2140 1910
-2180 1910
-2180 1600
-2140 1600
-2140 1310
-2100 1310
-2100 1640
-2140 1640
-2140 1870
-2100 1870

-1960 2770
-1960 2810
-2000 2810
-2000 2805
-2050 2805
-2050 2810
-2090 2810
-2090 2770
-2050 2770
-2050 2775
-2000 2775
-2000 2770
-1960 2770

-1830 -1370
-1830 -1130
-1870 -1130
-1870 -1330
-2000 -1330
-2000 -1810
-1870 -1810
-1870 -1925
-1830 -1925
-1830 -1770
-1960 -1770
-1960 -1370
-1830 -1370

-1740 -3530
-1740 -3290
-1780 -3290
-1780 -3490
-1910 -3490
-1910 -3970
-1780 -3970
-1780 -4085
-1740 -4085
-1740 -3930
-1870 -3930
-1870 -3530
-1740 -3530

-1830 -290
-1830 -55
-1870 -55
-1870 -250
-1910 -250
-1910 -560
-1870 -560
-1870 -850
-1830 -850
-1830 -520
-1870 -520
-1870 -290
-1830 -290

-1910 1690
-1870 1690
-1870 1730
-1910 1730
-1910 1690

-1910 1870
-1870 1870
-1870 1910
-1910 1910
-1910 1870

-1510 -2630
-1510 -2590
-1550 -2590
-1550 -2595
-1780 -2595
-1780 -2590
-1820 -2590
-1820 -2630
-1780 -2630
-1780 -2625
-1550 -2625
-1550 -2630
-1510 -2630

-1470 1950
-1470 2105
-1510 2105
-1510 1990
-1640 1990
-1640 1510
-1510 1510
-1510 1310
-1470 1310
-1470 1550
-1600 1550
-1600 1950
-1470 1950

-1370 3940
-1330 3940
-1330 3980
-1370 3980
-1370 3940

-1150 -2630
-1150 -2590
-1190 -2590
-1190 -2595
-1285 -2595
-1285 -2590
-1325 -2590
-1325 -2630
-1285 -2630
-1285 -2625
-1190 -2625
-1190 -2630
-1150 -2630

-1060 3670
-1060 4150
-1190 4150
-1190 4265
-1230 4265
-1230 4110
-1100 4110
-1100 3710
-1230 3710
-1230 3470
-1190 3470
-1190 3670
-1060 3670

-1100 1690
-1060 1690
-1060 1730
-1100 1730
-1100 1690

-880 2635
-880 2675
-920 2675
-920 2670
-1060 2670
-1060 3190
-1100 3190
-1100 2395
-1060 2395
-1060 2640
-920 2640
-920 2635
-880 2635

-920 -470
-880 -470
-880 -430
-920 -430
-920 -470

-920 610
-880 610
-880 650
-920 650
-920 610

-660 1950
-660 2105
-700 2105
-700 1990
-830 1990
-830 1510
-700 1510
-700 1310
-660 1310
-660 1550
-790 1550
-790 1950
-660 1950

-830 3850
-790 3850
-790 3890
-830 3890
-830 3850

-740 -2540
-700 -2540
-700 -2500
-740 -2500
-740 -2540

-520 -1550
-520 -1510
-560 -1510
-560 -1515
-610 -1515
-610 -1510
-650 -1510
-650 -1550
-610 -1550
-610 -1545
-560 -1545
-560 -1550
-520 -1550

-480 -210
-480 -55
-520 -55
-520 -170
-650 -170
-650 -650
-520 -650
-520 -850
-480 -850
-480 -610
-610 -610
-610 -210
-480 -210

-480 790
-480 1030
-520 1030
-520 830
-650 830
-650 350
-520 350
-520 235
-480 235
-480 390
-610 390
-610 790
-480 790

-430 -3970
-430 -3490
-560 -3490
-560 -3290
-600 -3290
-600 -3530
-470 -3530
-470 -3930
-600 -3930
-600 -4085
-560 -4085
-560 -3970
-430 -3970

-560 2395
-520 2395
-520 3190
-560 3190
-560 2395

-250 1310
-250 1550
-340 1550
-340 2105
-380 2105
-380 1510
-290 1510
-290 1310
-250 1310

-290 2680
-250 2680
-250 2720
-290 2720
-290 2680

-25 -3620
-25 -3580
-65 -3580
-65 -3585
-160 -3585
-160 -3580
-200 -3580
-200 -3620
-160 -3620
-160 -3615
-65 -3615
-65 -3620
-25 -3620

-110 700
-70 700
-70 740
-110 740
-110 700

-70 3850
-70 3890
-110 3890
-110 3850
-105 3850
-105 3710
-110 3710
-110 3670
-70 3670
-70 3710
-75 3710
-75 3850
-70 3850

-20 -4070
20 -4070
20 -4015
-20 -4015
-20 -4070

70 -2990
110 -2990
110 -2870
70 -2870
70 -2990

330 790
330 1030
290 1030
290 830
160 830
160 350
290 350
290 235
330 235
330 390
200 390
200 790
330 790

250 -560
290 -560
290 -520
250 -520
250 -560

250 3050
290 3050
290 3170
250 3170
250 3050

690 -210
690 -55
650 -55
650 -170
520 -170
520 -650
650 -650
650 -850
690 -850
690 -610
560 -610
560 -210
690 -210

520 2410
560 2410
560 2465
520 2465
520 2410

830 -2540
830 -2500
790 -2500
790 -2505
695 -2505
695 -2500
655 -2500
655 -2540
695 -2540
695 -2535
790 -2535
790 -2540
830 -2540

830 -1730
830 -1420
790 -1420
790 -1130
750 -1130
750 -1460
790 -1460
790 -1690
750 -1690
750 -1925
790 -1925
790 -1730
830 -1730

1100 2410
1100 2450
920 2450
920 2950
1010 2950
1010 3190
970 3190
970 2990
830 2990
830 3190
790 3190
790 2950
880 2950
880 2410
1100 2410

1190 -850
1190 -610
1100 -610
1100 -55
1060 -55
1060 -480
875 -480
875 -475
835 -475
835 -515
875 -515
875 -510
1060 -510
1060 -650
1150 -650
1150 -850
1190 -850

1145 -3710
1145 -3670
1105 -3670
1105 -3675
1010 -3675
1010 -3670
970 -3670
970 -3710
1010 -3710
1010 -3705
1105 -3705
1105 -3710
1145 -3710

1190 -1810
1190 -1510
1100 -1510
1100 -1130
1060 -1130
1060 -1550
1150 -1550
1150 -1770
1060 -1770
1060 -1925
1100 -1925
1100 -1810
1190 -1810

1235 3850
1235 3890
1195 3890
1195 3885
1100 3885
1100 3890
1060 3890
1060 3850
1100 3850
1100 3855
1195 3855
1195 3850
1235 3850

1460 -470
1460 -430
1420 -430
1420 -435
1280 -435
1280 -430
1240 -430
1240 -470
1280 -470
1280 -465
1420 -465
1420 -470
1460 -470

1370 2770
1370 2810
1330 2810
1330 2805
1280 2805
1280 2810
1240 2810
1240 2770
1280 2770
1280 2775
1330 2775
1330 2770
1370 2770

1420 -3710
1460 -3710
1460 -3670
1420 -3670
1420 -3710

1595 -2630
1595 -2590
1555 -2590
1555 -2595
1460 -2595
1460 -2590
1420 -2590
1420 -2630
1460 -2630
1460 -2625
1555 -2625
1555 -2630
1595 -2630

1685 1825
1685 1865
1645 1865
1645 1860
1550 1860
1550 1865
1510 1865
1510 1825
1550 1825
1550 1830
1645 1830
1645 1825
1685 1825

1820 -1925
1820 -1130
1780 -1130
1780 -1380
1640 -1380
1640 -1375
1600 -1375
1600 -1415
1640 -1415
1640 -1410
1780 -1410
1780 -1925
1820 -1925

1730 -470
1730 -430
1690 -430
1690 -435
1640 -435
1640 -430
1600 -430
1600 -470
1640 -470
1640 -465
1690 -465
1690 -470
1730 -470

1865 385
1865 425
1825 425
1825 420
1640 420
1640 425
1600 425
1600 385
1640 385
1640 390
1825 390
1825 385
1865 385

1690 -3430
1730 -3430
1730 -3310
1690 -3310
1690 -3430

1910 610
1910 650
1870 650
1870 645
1820 645
1820 650
1780 650
1780 610
1820 610
1820 615
1870 615
1870 610
1910 610

2000 -3710
2000 -3670
1960 -3670
1960 -3675
1910 -3675
1910 -3670
1870 -3670
1870 -3710
1910 -3710
1910 -3705
1960 -3705
1960 -3710
2000 -3710

1870 2680
1910 2680
1910 2720
1870 2720
1870 2680

1960 -470
2000 -470
2000 -430
1960 -430
1960 -470

2225 1870
2225 1910
2185 1910
2185 1905
2000 1905
2000 1910
1960 1910
1960 1870
2000 1870
2000 1875
2185 1875
2185 1870
2225 1870

2360 -2270
2360 -2230
2140 -2230
2140 -2770
2050 -2770
2050 -3010
2090 -3010
2090 -2810
2230 -2810
2230 -3010
2270 -3010
2270 -2770
2180 -2770
2180 -2270
2360 -2270

2360 -3530
2360 -3290
2320 -3290
2320 -3490
2230 -3490
2230 -4085
2270 -4085
2270 -3530
2360 -3530

2405 -1550
2405 -1510
2365 -1510
2365 -1515
2270 -1515
2270 -1510
2230 -1510
2230 -1550
2270 -1550
2270 -1545
2365 -1545
2365 -1550
2405 -1550

2400 -210
2400 -55
2360 -55
2360 -170
2230 -170
2230 -650
2360 -650
2360 -850
2400 -850
2400 -610
2270 -610
2270 -210
2400 -210

2540 3940
2540 3980
2500 3980
2500 3975
2405 3975
2405 3980
2365 3980
2365 3940
2405 3940
2405 3945
2500 3945
2500 3940
2540 3940

2630 2590
2630 2630
2590 2630
2590 2625
2450 2625
2450 3190
2410 3190
2410 2395
2450 2395
2450 2595
2590 2595
2590 2590
2630 2590

2720 -1810
2720 -1330
2590 -1330
2590 -1130
2550 -1130
2550 -1370
2680 -1370
2680 -1770
2550 -1770
2550 -1925
2590 -1925
2590 -1810
2720 -1810

2590 3490
2630 3490
2630 3610
2590 3610
2590 3490

2680 235
2720 235
2720 1030
2680 1030
2680 235

3170 -2540
3170 -2500
3130 -2500
3130 -2505
2990 -2505
2990 -2500
2950 -2500
2950 -2540
2990 -2540
2990 -2535
3130 -2535
3130 -2540
3170 -2540

3125 -1460
3125 -1420
3085 -1420
3085 -1425
2990 -1425
2990 -1420
2950 -1420
2950 -1460
2990 -1460
2990 -1455
3085 -1455
3085 -1460
3125 -1460

2950 -470
2990 -470
2990 -430
2950 -430
2950 -470

3440 2680
3440 2720
3400 2720
3400 2715
3215 2715
3215 2720
3175 2720
3175 2680
3215 2680
3215 2685
3400 2685
3400 2680
3440 2680

3220 -1640
3260 -1640
3260 -1600
3220 -1600
3220 -1640

3440 -380
3440 -340
3400 -340
3400 -345
3305 -345
3305 -340
3265 -340
3265 -380
3305 -380
3305 -375
3400 -375
3400 -380
3440 -380

3800 520
3800 560
3760 560
3760 555
3530 555
3530 1030
3490 1030
3490 555
3350 555
3350 560
3310 560
3310 520
3350 520
3350 525
3490 525
3490 235
3530 235
3530 525
3760 525
3760 520
3800 520

3580 -470
3620 -470
3620 -430
3580 -430
3580 -470

3890 -3800
3890 -3760
3850 -3760
3850 -3765
3755 -3765
3755 -3760
3715 -3760
3715 -3800
3755 -3800
3755 -3795
3850 -3795
3850 -3800
3890 -3800

4070 -1370
4070 -1130
4030 -1130
4030 -1330
3940 -1330
3940 -1925
3980 -1925
3980 -1370
4070 -1370

4160 -2540
4160 -2500
4120 -2500
4120 -2505
4025 -2505
4025 -2500
3985 -2500
3985 -2540
4025 -2540
4025 -2535
4120 -2535
4120 -2540
4160 -2540

4430 2950
4430 3190
4390 3190
4390 2990
4300 2990
4300 2580
4115 2580
4115 2585
4075 2585
4075 2545
4115 2545
4115 2550
4300 2550
4300 2395
4340 2395
4340 2950
4430 2950

5645 -3665
5645 -3625
5605 -3625
5605 -3630
5070 -3630
5070 -3675
4520 -3675
4520 -3670
4480 -3670
4480 -3675
4430 -3675
4430 -3670
4390 -3670
4390 -3710
4430 -3710
4430 -3705
4480 -3705
4480 -3710
4520 -3710
4520 -3705
5100 -3705
5100 -3660
5605 -3660
5605 -3665
5645 -3665

4520 -1925
4520 -1330
4430 -1330
4430 -1130
4390 -1130
4390 -1370
4480 -1370
4480 -1830
4430 -1830
4430 -1825
4390 -1825
4390 -1865
4430 -1865
4430 -1860
4480 -1860
4480 -1925
4520 -1925

4655 3715
4655 3755
4615 3755
4615 3750
4520 3750
4520 3755
4480 3755
4480 3715
4520 3715
4520 3720
4615 3720
4615 3715
4655 3715

