-4390 -3010
-4390 -2215
-4430 -2215
-4430 -2550
-6505 -2550
-6505 -2545
-6545 -2545
-6545 -2585
-6505 -2585
-6505 -2580
-4430 -2580
-4430 -3010
-4390 -3010

-4430 -1270
-4390 -1270
-4390 -1150
-4430 -1150
-4430 -1270

-4300 -850
-4300 -610
-4390 -610
-4390 -55
-4430 -55
-4430 -650
-4340 -650
-4340 -850
-4300 -850

-4430 1330
-4390 1330
-4390 1450
-4430 1450
-4430 1330

-4430 3490
-4390 3490
-4390 3610
-4430 3610
-4430 3490

-4300 -3890
-4300 -3580
-4340 -3580
-4340 -3290
-4380 -3290
-4380 -3620
-4340 -3620
-4340 -3850
-4380 -3850
-4380 -4085
-4340 -4085
-4340 -3890
-4300 -3890

-3895 -1775
-3895 -1735
-3935 -1735
-3935 -1740
-4300 -1740
-4300 -1735
-4305 -1735
-4305 -1640
-4300 -1640
-4300 -1600
-4340 -1600
-4340 -1640
-4335 -1640
-4335 -1735
-4340 -1735
-4340 -1775
-4300 -1775
-4300 -1770
-3935 -1770
-3935 -1775
-3895 -1775

-4340 235
-4300 235
-4300 1030
-4340 1030
-4340 235

-4165 2545
-4165 2585
-4205 2585
-4205 2580
-4300 2580
-4300 3190
-4340 3190
-4340 2395
-4300 2395
-4300 2550
-4205 2550
-4205 2545
-4165 2545

-4300 3940
-4300 3980
-4340 3980
-4340 3940
-4335 3940
-4335 3890
-4340 3890
-4340 3850
-4300 3850
-4300 3890
-4305 3890
-4305 3940
-4300 3940

-4250 -1270
-4210 -1270
-4210 -1150
-4250 -1150
-4250 -1270

-4250 -470
-4210 -470
-4210 -430
-4250 -430
-4250 -470

-4250 -125
-4210 -125
-4210 -70
-4250 -70
-4250 -125

-4250 1330
-4210 1330
-4210 1450
-4250 1450
-4250 1330

-4250 3490
-4210 3490
-4210 3610
-4250 3610
-4250 3490

-4250 4195
-4210 4195
-4210 4250
-4250 4250
-4250 4195

-4160 2770
-4120 2770
-4120 2810
-4160 2810
-4160 2770

-4160 3050
-4120 3050
-4120 3170
-4160 3170
-4160 3050

-3940 610
-3940 650
-3980 650
-3980 645
-4075 645
-4075 650
-4115 650
-4115 610
-4075 610
-4075 615
-3980 615
-3980 610
-3940 610

-3445 -3970
-3445 -3930
-3485 -3930
-3485 -3935
-3940 -3935
-3940 -3670
-4030 -3670
-4030 -3290
-4070 -3290
-4070 -3710
-3980 -3710
-3980 -3930
-4070 -3930
-4070 -4085
-4030 -4085
-4030 -3970
-3940 -3970
-3940 -3965
-3485 -3965
-3485 -3970
-3445 -3970

-3850 -3010
-3850 -2215
-3890 -2215
-3890 -2730
-4030 -2730
-4030 -2725
-4070 -2725
-4070 -2765
-4030 -2765
-4030 -2760
-3890 -2760
-3890 -3010
-3850 -3010

-4070 -2285
-4030 -2285
-4030 -2230
-4070 -2230
-4070 -2285

-3850 -210
-3850 -55
-3890 -55
-3890 -170
-3980 -170
-3980 -470
-3890 -470
-3890 -750
-3940 -750
-3940 -745
-3980 -745
-3980 -785
-3940 -785
-3940 -780
-3890 -780
-3890 -850
-3850 -850
-3850 -430
-3940 -430
-3940 -210
-3850 -210

-3980 250
-3940 250
-3940 305
-3980 305
-3980 250

-3980 2410
-3940 2410
-3940 2465
-3980 2465
-3980 2410

-3490 2680
-3490 2720
-3530 2720
-3530 2715
-3760 2715
-3760 3190
-3800 3190
-3800 2715
-3940 2715
-3940 2720
-3980 2720
-3980 2680
-3940 2680
-3940 2685
-3800 2685
-3800 2395
-3760 2395
-3760 2685
-3530 2685
-3530 2680
-3490 2680

-3890 -3430
-3850 -3430
-3850 -3310
-3890 -3310
-3890 -3430

-3625 295
-3625 335
-3665 335
-3665 330
-3760 330
-3760 830
-3850 830
-3850 1030
-3890 1030
-3890 790
-3800 790
-3800 235
-3760 235
-3760 300
-3665 300
-3665 295
-3625 295

-3890 1330
-3850 1330
-3850 1450
-3890 1450
-3890 1330

-2770 -1910
-2770 -1870
-2950 -1870
-2950 -1370
-2860 -1370
-2860 -1130
-2900 -1130
-2900 -1330
-3040 -1330
-3040 -1130
-3080 -1130
-3080 -1330
-3220 -1330
-3220 -1130
-3260 -1130
-3260 -1330
-3400 -1330
-3400 -1130
-3440 -1130
-3440 -1330
-3580 -1330
-3580 -1130
-3620 -1130
-3620 -1330
-3710 -1330
-3710 -1370
-2990 -1370
-2990 -1910
-2770 -1910

-3710 -560
-3670 -560
-3670 -520
-3710 -520
-3710 -560

-3580 1600
-3580 2105
-3620 2105
-3620 1640
-3710 1640
-3710 1310
-3670 1310
-3670 1600
-3580 1600

-3620 -2630
-3580 -2630
-3580 -2590
-3620 -2590
-3620 -2630

-3620 -2285
-3580 -2285
-3580 -2230
-3620 -2230
-3620 -2285

-3620 -1910
-3580 -1910
-3580 -1855
-3620 -1855
-3620 -1910

-3400 -2810
-3400 -2215
-3440 -2215
-3440 -2770
-3530 -2770
-3530 -3010
-3490 -3010
-3490 -2810
-3400 -2810

-3530 -1640
-3490 -1640
-3490 -1600
-3530 -1600
-3530 -1640

-3530 890
-3490 890
-3490 1010
-3530 1010
-3530 890

-3530 2410
-3490 2410
-3490 2465
-3530 2465
-3530 2410

-3500 -830
-3460 -830
-3460 -710
-3500 -710
-3500 -830

-3500 -125
-3460 -125
-3460 -70
-3500 -70
-3500 -125

-3310 -3710
-3310 -3670
-3350 -3670
-3350 -3675
-3445 -3675
-3445 -3670
-3485 -3670
-3485 -3710
-3445 -3710
-3445 -3705
-3350 -3705
-3350 -3710
-3310 -3710

-3220 -470
-3220 -430
-3260 -430
-3260 -435
-3445 -435
-3445 -430
-3485 -430
-3485 -470
-3445 -470
-3445 -465
-3260 -465
-3260 -470
-3220 -470

-3440 520
-3400 520
-3400 560
-3440 560
-3440 520

-3220 1310
-3220 2105
-3260 2105
-3260 1410
-3355 1410
-3355 1415
-3395 1415
-3395 1375
-3355 1375
-3355 1380
-3260 1380
-3260 1310
-3220 1310

-3350 -1640
-3310 -1640
-3310 -1600
-3350 -1600
-3350 -1640

-2950 610
-2950 1030
-2990 1030
-2990 650
-3080 650
-3080 385
-3310 385
-3310 390
-3350 390
-3350 350
-3310 350
-3310 355
-3080 355
-3080 350
-2990 350
-2990 235
-2950 235
-2950 390
-3040 390
-3040 610
-2950 610

-3350 890
-3310 890
-3310 1010
-3350 1010
-3350 890

-3350 2410
-3310 2410
-3310 2465
-3350 2465
-3350 2410

-3350 2770
-3310 2770
-3310 2810
-3350 2810
-3350 2770

-3350 3050
-3310 3050
-3310 3170
-3350 3170
-3350 3050

-3350 3940
-3310 3940
-3310 3980
-3350 3980
-3350 3940

-3130 -4085
-3130 -3490
-3220 -3490
-3220 -3290
-3260 -3290
-3260 -3530
-3170 -3530
-3170 -4085
-3130 -4085

-3260 -2630
-3220 -2630
-3220 -2590
-3260 -2590
-3260 -2630

-3260 -2285
-3220 -2285
-3220 -2230
-3260 -2230
-3260 -2285

-3260 -830
-3220 -830
-3220 -710
-3260 -710
-3260 -830

-3260 -125
-3220 -125
-3220 -70
-3260 -70
-3260 -125

-2770 -2540
-2770 -2500
-2810 -2500
-2810 -2505
-2910 -2505
-2910 -2460
-3040 -2460
-3040 -2215
-3080 -2215
-3080 -2770
-3170 -2770
-3170 -3010
-3130 -3010
-3130 -2810
-3040 -2810
-3040 -2490
-2940 -2490
-2940 -2535
-2810 -2535
-2810 -2540
-2770 -2540

-3170 -1640
-3130 -1640
-3130 -1600
-3170 -1600
-3170 -1640

-3170 890
-3130 890
-3130 1010
-3170 1010
-3170 890

-3040 2950
-3040 3190
-3080 3190
-3080 2990
-3170 2990
-3170 2395
-3130 2395
-3130 2950
-3040 2950

-3170 3490
-3130 3490
-3130 3610
-3170 3610
-3170 3490

-3080 3940
-3040 3940
-3040 3980
-3080 3980
-3080 3940

-2860 1780
-2860 1820
-2900 1820
-2900 1815
-2995 1815
-2995 1820
-3035 1820
-3035 1780
-2995 1780
-2995 1785
-2900 1785
-2900 1780
-2860 1780

-2990 1330
-2950 1330
-2950 1450
-2990 1450
-2990 1330

-2990 2035
-2950 2035
-2950 2090
-2990 2090
-2990 2035

-2770 2770
-2770 2810
-2810 2810
-2810 2805
-2950 2805
-2950 2810
-2990 2810
-2990 2770
-2950 2770
-2950 2775
-2810 2775
-2810 2770
-2770 2770

-2990 3490
-2950 3490
-2950 3610
-2990 3610
-2990 3490

-2990 4195
-2950 4195
-2950 4250
-2990 4250
-2990 4195

-2590 2395
-2590 2990
-2680 2990
-2680 3190
-2720 3190
-2720 2950
-2630 2950
-2630 2580
-2905 2580
-2905 2585
-2945 2585
-2945 2545
-2905 2545
-2905 2550
-2630 2550
-2630 2395
-2590 2395

-2900 -4070
-2860 -4070
-2860 -4015
-2900 -4015
-2900 -4070

-2725 -3710
-2725 -3670
-2765 -3670
-2765 -3675
-2860 -3675
-2860 -3670
-2900 -3670
-2900 -3710
-2860 -3710
-2860 -3705
-2765 -3705
-2765 -3710
-2725 -3710

-2900 -3430
-2860 -3430
-2860 -3310
-2900 -3310
-2900 -3430

-2900 -2990
-2860 -2990
-2860 -2870
-2900 -2870
-2900 -2990

-2900 -2285
-2860 -2285
-2860 -2230
-2900 -2230
-2900 -2285

-2810 -1550
-2770 -1550
-2770 -1510
-2810 -1510
-2810 -1550

-2810 -830
-2770 -830
-2770 -710
-2810 -710
-2810 -830

-2810 700
-2770 700
-2770 740
-2810 740
-2810 700

-2810 1330
-2770 1330
-2770 1450
-2810 1450
-2810 1330

-2720 -2990
-2680 -2990
-2680 -2870
-2720 -2870
-2720 -2990

-2455 -380
-2455 -340
-2495 -340
-2495 -345
-2680 -345
-2680 -340
-2720 -340
-2720 -380
-2680 -380
-2680 -375
-2495 -375
-2495 -380
-2455 -380

-2410 3850
-2410 3890
-2450 3890
-2450 3885
-2550 3885
-2550 3930
-2680 3930
-2680 4265
-2720 4265
-2720 3470
-2680 3470
-2680 3900
-2580 3900
-2580 3855
-2450 3855
-2450 3850
-2410 3850

-2630 -3430
-2590 -3430
-2590 -3310
-2630 -3310
-2630 -3430

-2230 -3010
-2230 -2770
-2320 -2770
-2320 -2215
-2360 -2215
-2360 -2370
-2490 -2370
-2490 -2415
-2590 -2415
-2590 -2410
-2630 -2410
-2630 -2450
-2590 -2450
-2590 -2445
-2460 -2445
-2460 -2400
-2360 -2400
-2360 -2810
-2270 -2810
-2270 -3010
-2230 -3010

-2630 -1270
-2590 -1270
-2590 -1150
-2630 -1150
-2630 -1270

-2630 -830
-2590 -830
-2590 -710
-2630 -710
-2630 -830

-2630 -125
-2590 -125
-2590 -70
-2630 -70
-2630 -125

-2630 520
-2590 520
-2590 560
-2630 560
-2630 520

-2630 1330
-2590 1330
-2590 1450
-2630 1450
-2630 1330

-2600 250
-2560 250
-2560 305
-2600 305
-2600 250

-2600 890
-2560 890
-2560 1010
-2600 1010
-2600 890

-2275 -3800
-2275 -3760
-2315 -3760
-2315 -3765
-2500 -3765
-2500 -3760
-2540 -3760
-2540 -3800
-2500 -3800
-2500 -3795
-2315 -3795
-2315 -3800
-2275 -3800

-2540 -2990
-2500 -2990
-2500 -2870
-2540 -2870
-2540 -2990

-2540 -1640
-2500 -1640
-2500 -1600
-2540 -1600
-2540 -1640

-2410 1950
-2410 2105
-2450 2105
-2450 1990
-2540 1990
-2540 1690
-2450 1690
-2450 1310
-2410 1310
-2410 1730
-2500 1730
-2500 1950
-2410 1950

-1960 -3710
-1960 -3290
-2000 -3290
-2000 -3670
-2090 -3670
-2090 -3935
-2410 -3935
-2410 -3930
-2450 -3930
-2450 -3970
-2410 -3970
-2410 -3965
-2090 -3965
-2090 -3970
-2000 -3970
-2000 -4085
-1960 -4085
-1960 -3930
-2050 -3930
-2050 -3710
-1960 -3710

-2450 -3430
-2410 -3430
-2410 -3310
-2450 -3310
-2450 -3430

-2050 -1550
-2050 -1130
-2090 -1130
-2090 -1510
-2180 -1510
-2180 -1775
-2410 -1775
-2410 -1770
-2450 -1770
-2450 -1810
-2410 -1810
-2410 -1805
-2180 -1805
-2180 -1810
-2090 -1810
-2090 -1925
-2050 -1925
-2050 -1770
-2140 -1770
-2140 -1550
-2050 -1550

-2450 -1270
-2410 -1270
-2410 -1150
-2450 -1150
-2450 -1270

-2450 2410
-2410 2410
-2410 2465
-2450 2465
-2450 2410

-2450 2770
-2410 2770
-2410 2810
-2450 2810
-2450 2770

-2450 4195
-2410 4195
-2410 4250
-2450 4250
-2450 4195

-2360 -830
-2320 -830
-2320 -710
-2360 -710
-2360 -830

-2360 -560
-2320 -560
-2320 -520
-2360 -520
-2360 -560

-2360 -125
-2320 -125
-2320 -70
-2360 -70
-2360 -125

-2230 2395
-2230 2990
-2320 2990
-2320 3190
-2360 3190
-2360 2950
-2270 2950
-2270 2395
-2230 2395

-2230 3670
-2230 4265
-2270 4265
-2270 3710
-2360 3710
-2360 3470
-2320 3470
-2320 3670
-2230 3670

-2270 -1270
-2230 -1270
-2230 -1150
-2270 -1150
-2270 -1270

-2270 1600
-2230 1600
-2230 1640
-2270 1640
-2270 1600

-2180 -3430
-2140 -3430
-2140 -3310
-2180 -3310
-2180 -3430

-2180 -2630
-2140 -2630
-2140 -2590
-2180 -2590
-2180 -2630

-2180 -2285
-2140 -2285
-2140 -2230
-2180 -2230
-2180 -2285

-2180 -380
-2140 -380
-2140 -340
-2180 -340
-2180 -380

-1960 3470
-1960 4265
-2000 4265
-2000 3570
-2095 3570
-2095 3575
-2135 3575
-2135 3535
-2095 3535
-2095 3540
-2000 3540
-2000 3470
-1960 3470

-1555 385
-1555 425
-1595 425
-1595 420
-2050 420
-2050 790
-1960 790
-1960 1030
-2000 1030
-2000 830
-2090 830
-2090 235
-2050 235
-2050 390
-1595 390
-1595 385
-1555 385

-2090 2410
-2050 2410
-2050 2465
-2090 2465
-2090 2410

-2060 1330
-2020 1330
-2020 1450
-2060 1450
-2060 1330

-2060 2035
-2020 2035
-2020 2090
-2060 2090
-2060 2035

-2040 -830
-2000 -830
-2000 -710
-2040 -710
-2040 -830

-2040 -125
-2000 -125
-2000 -70
-2040 -70
-2040 -125

-2000 -2990
-1960 -2990
-1960 -2870
-2000 -2870
-2000 -2990

-1960 -2630
-1960 -2590
-2000 -2590
-2000 -2630
-1995 -2630
-1995 -2680
-2000 -2680
-2000 -2720
-1960 -2720
-1960 -2680
-1965 -2680
-1965 -2630
-1960 -2630

-2000 -2285
-1960 -2285
-1960 -2230
-2000 -2230
-2000 -2285

-2000 -560
-1960 -560
-1960 -520
-2000 -520
-2000 -560

-1690 2770
-1690 2810
-1730 2810
-1730 2805
-1870 2805
-1870 2990
-1960 2990
-1960 3190
-2000 3190
-2000 2950
-1910 2950
-1910 2395
-1870 2395
-1870 2775
-1730 2775
-1730 2770
-1690 2770

-1735 610
-1735 650
-1775 650
-1775 645
-1870 645
-1870 650
-1910 650
-1910 610
-1870 610
-1870 615
-1775 615
-1775 610
-1735 610

-1820 -3620
-1780 -3620
-1780 -3580
-1820 -3580
-1820 -3620

-1740 -1460
-1740 -1130
-1780 -1130
-1780 -1420
-1820 -1420
-1820 -1730
-1780 -1730
-1780 -1925
-1740 -1925
-1740 -1690
-1780 -1690
-1780 -1460
-1740 -1460

-1465 -380
-1465 -340
-1505 -340
-1505 -345
-1780 -345
-1780 -340
-1820 -340
-1820 -380
-1780 -380
-1780 -375
-1505 -375
-1505 -380
-1465 -380

-1690 1950
-1690 2105
-1730 2105
-1730 1990
-1820 1990
-1820 1690
-1730 1690
-1730 1310
-1690 1310
-1690 1730
-1780 1730
-1780 1950
-1690 1950

-1790 -830
-1750 -830
-1750 -710
-1790 -710
-1790 -830

-1790 -125
-1750 -125
-1750 -70
-1790 -70
-1790 -125

-1730 2410
-1690 2410
-1690 2465
-1730 2465
-1730 2410

-1730 3490
-1690 3490
-1690 3610
-1730 3610
-1730 3490

-1640 -3800
-1600 -3800
-1600 -3760
-1640 -3760
-1640 -3800

-1330 2410
-1330 2450
-1510 2450
-1510 2950
-1420 2950
-1420 3190
-1460 3190
-1460 2990
-1600 2990
-1600 3190
-1640 3190
-1640 2950
-1550 2950
-1550 2410
-1330 2410

-1465 3940
-1465 3980
-1505 3980
-1505 3975
-1600 3975
-1600 3980
-1640 3980
-1640 3940
-1600 3940
-1600 3945
-1505 3945
-1505 3940
-1465 3940

-1610 -4070
-1570 -4070
-1570 -4015
-1610 -4015
-1610 -4070

-1610 -3430
-1570 -3430
-1570 -3310
-1610 -3310
-1610 -3430

-1420 -1925
-1420 -1130
-1460 -1130
-1460 -1830
-1555 -1830
-1555 -1825
-1595 -1825
-1595 -1865
-1555 -1865
-1555 -1860
-1460 -1860
-1460 -1925
-1420 -1925

-1550 -2990
-1510 -2990
-1510 -2870
-1550 -2870
-1550 -2990

-1550 1600
-1510 1600
-1510 1640
-1550 1640
-1550 1600

-1550 3490
-1510 3490
-1510 3610
-1550 3610
-1550 3490

-1550 4195
-1510 4195
-1510 4250
-1550 4250
-1550 4195

-1330 -3010
-1330 -2680
-1420 -2680
-1420 -2215
-1460 -2215
-1460 -2720
-1370 -2720
-1370 -3010
-1330 -3010

-1370 1780
-1330 1780
-1330 1820
-1370 1820
-1370 1780

-1195 2680
-1195 2720
-1235 2720
-1235 2715
-1330 2715
-1330 2720
-1370 2720
-1370 2680
-1330 2680
-1330 2685
-1235 2685
-1235 2680
-1195 2680

-1340 1330
-1300 1330
-1300 1450
-1340 1450
-1340 1330

-1340 2035
-1300 2035
-1300 2090
-1340 2090
-1340 2035

-1240 3760
-1240 4070
-1280 4070
-1280 4265
-1320 4265
-1320 4030
-1280 4030
-1280 3800
-1320 3800
-1320 3470
-1280 3470
-1280 3760
-1240 3760

-1280 890
-1240 890
-1240 1010
-1280 1010
-1280 890

-1190 -4070
-1150 -4070
-1150 -4015
-1190 -4015
-1190 -4070

-1190 -3710
-1150 -3710
-1150 -3670
-1190 -3670
-1190 -3710

-1190 -3430
-1150 -3430
-1150 -3310
-1190 -3310
-1190 -3430

-1190 -2990
-1150 -2990
-1150 -2870
-1190 -2870
-1190 -2990

-1190 -830
-1150 -830
-1150 -710
-1190 -710
-1190 -830

-1015 -470
-1015 -430
-1055 -430
-1055 -435
-1150 -435
-1150 -430
-1190 -430
-1190 -470
-1150 -470
-1150 -465
-1055 -465
-1055 -470
-1015 -470

-1190 -125
-1150 -125
-1150 -70
-1190 -70
-1190 -125

-1190 520
-1150 520
-1150 560
-1190 560
-1190 520

-1190 2410
-1150 2410
-1150 2465
-1190 2465
-1190 2410

-1190 3050
-1150 3050
-1150 3170
-1190 3170
-1190 3050

-700 -2405
-700 -2365
-740 -2365
-740 -2370
-1060 -2370
-1060 -2215
-1100 -2215
-1100 -2720
-1010 -2720
-1010 -3010
-970 -3010
-970 -2680
-1060 -2680
-1060 -2400
-740 -2400
-740 -2405
-700 -2405

-1100 -1270
-1060 -1270
-1060 -1150
-1100 -1150
-1100 -1270

-700 610
-700 1030
-740 1030
-740 650
-830 650
-830 385
-1060 385
-1060 390
-1100 390
-1100 350
-1060 350
-1060 355
-830 355
-830 350
-740 350
-740 235
-700 235
-700 390
-790 390
-790 610
-700 610

-1100 890
-1060 890
-1060 1010
-1100 1010
-1100 890

-1010 -1640
-970 -1640
-970 -1600
-1010 -1600
-1010 -1640

-880 1950
-880 2105
-920 2105
-920 1990
-1010 1990
-1010 1690
-920 1690
-920 1410
-970 1410
-970 1415
-1010 1415
-1010 1375
-970 1375
-970 1380
-920 1380
-920 1310
-880 1310
-880 1730
-970 1730
-970 1950
-880 1950

-610 4110
-610 4150
-650 4150
-650 4145
-880 4145
-880 4150
-970 4150
-970 4265
-1010 4265
-1010 4110
-920 4110
-920 3890
-1010 3890
-1010 3470
-970 3470
-970 3850
-880 3850
-880 4115
-650 4115
-650 4110
-610 4110

-920 -1910
-880 -1910
-880 -1855
-920 -1855
-920 -1910

-920 -1270
-880 -1270
-880 -1150
-920 -1150
-920 -1270

-920 890
-880 890
-880 1010
-920 1010
-920 890

-920 2410
-880 2410
-880 2465
-920 2465
-920 2410

-920 3050
-880 3050
-880 3170
-920 3170
-920 3050

-830 -2990
-790 -2990
-790 -2870
-830 -2870
-830 -2990

-830 -2630
-790 -2630
-790 -2590
-830 -2590
-830 -2630

-700 -210
-700 -55
-740 -55
-740 -170
-830 -170
-830 -470
-740 -470
-740 -750
-790 -750
-790 -745
-830 -745
-830 -785
-790 -785
-790 -780
-740 -780
-740 -850
-700 -850
-700 -430
-790 -430
-790 -210
-700 -210

-830 2680
-790 2680
-790 2720
-830 2720
-830 2680

-740 3050
-700 3050
-700 3170
-740 3170
-740 3050

-430 3670
-430 4265
-470 4265
-470 3710
-560 3710
-560 3705
-655 3705
-655 3710
-695 3710
-695 3670
-655 3670
-655 3675
-560 3675
-560 3470
-520 3470
-520 3670
-430 3670

-610 -3890
-610 -3580
-650 -3580
-650 -3290
-690 -3290
-690 -3620
-650 -3620
-650 -3850
-690 -3850
-690 -4085
-650 -4085
-650 -3890
-610 -3890

-650 -2990
-610 -2990
-610 -2870
-650 -2870
-650 -2990

290 -1910
290 -1870
110 -1870
110 -1370
200 -1370
200 -1130
160 -1130
160 -1330
20 -1330
20 -1130
-20 -1130
-20 -1330
-160 -1330
-160 -1130
-200 -1130
-200 -1330
-340 -1330
-340 -1130
-380 -1130
-380 -1330
-520 -1330
-520 -1130
-560 -1130
-560 -1330
-650 -1330
-650 -1370
70 -1370
70 -1910
290 -1910

-570 1870
-570 2105
-610 2105
-610 1910
-650 1910
-650 1600
-610 1600
-610 1310
-570 1310
-570 1640
-610 1640
-610 1870
-570 1870

-650 3850
-610 3850
-610 3890
-650 3890
-650 3850

-560 -1910
-520 -1910
-520 -1855
-560 -1855
-560 -1910

-560 -560
-520 -560
-520 -520
-560 -520
-560 -560

-560 700
-520 700
-520 740
-560 740
-560 700

-470 -3010
-430 -3010
-430 -2215
-470 -2215
-470 -3010

-470 -1640
-430 -1640
-430 -1600
-470 -1600
-470 -1640

-470 2410
-430 2410
-430 2465
-470 2465
-470 2410

-295 2770
-295 2810
-335 2810
-335 2805
-430 2805
-430 2810
-470 2810
-470 2770
-430 2770
-430 2775
-335 2775
-335 2770
-295 2770

-470 3050
-430 3050
-430 3170
-470 3170
-470 3050

20 -3970
20 -3930
-20 -3930
-20 -3935
-250 -3935
-250 -3670
-340 -3670
-340 -3290
-380 -3290
-380 -3710
-290 -3710
-290 -3930
-380 -3930
-380 -4085
-340 -4085
-340 -3970
-250 -3970
-250 -3965
-20 -3965
-20 -3970
20 -3970

155 -380
155 -340
115 -340
115 -345
-340 -345
-340 -340
-380 -340
-380 -380
-340 -380
-340 -375
115 -375
115 -380
155 -380

-380 520
-340 520
-340 560
-380 560
-380 520

-380 1330
-340 1330
-340 1450
-380 1450
-380 1330

-350 -830
-310 -830
-310 -710
-350 -710
-350 -830

-350 -125
-310 -125
-310 -70
-350 -70
-350 -125

-350 250
-310 250
-310 305
-350 305
-350 250

-350 890
-310 890
-310 1010
-350 1010
-350 890

-290 -1640
-250 -1640
-250 -1600
-290 -1600
-290 -1640

-290 1780
-250 1780
-250 1820
-290 1820
-290 1780

-290 2410
-250 2410
-250 2465
-290 2465
-290 2410

-160 3470
-160 3710
-250 3710
-250 4265
-290 4265
-290 3670
-200 3670
-200 3470
-160 3470

-200 -3430
-160 -3430
-160 -3310
-200 -3310
-200 -3430

-200 1330
-160 1330
-160 1450
-200 1450
-200 1330

-200 2035
-160 2035
-160 2090
-200 2090
-200 2035

20 -2945
20 -2905
-20 -2905
-20 -2910
-70 -2910
-70 -2215
-110 -2215
-110 -3010
-70 -3010
-70 -2940
-20 -2940
-20 -2945
20 -2945

-110 -1640
-70 -1640
-70 -1600
-110 -1600
-110 -1640

-110 250
-70 250
-70 305
-110 305
-110 250

-110 430
-70 430
-70 470
-110 470
-110 430

-110 610
-70 610
-70 650
-110 650
-110 610

-110 890
-70 890
-70 1010
-110 1010
-110 890

-110 2410
-70 2410
-70 2465
-110 2465
-110 2410

20 2770
20 2810
-20 2810
-20 2805
-70 2805
-70 2810
-110 2810
-110 2770
-70 2770
-70 2775
-20 2775
-20 2770
20 2770

-110 3050
-70 3050
-70 3170
-110 3170
-110 3050

-110 4195
-70 4195
-70 4250
-110 4250
-110 4195

-20 -3430
20 -3430
20 -3310
-20 -3310
-20 -3430

-20 1310
20 1310
20 2105
-20 2105
-20 1310

70 -3800
110 -3800
110 -3760
70 -3760
70 -3800

70 520
110 520
110 560
70 560
70 520

70 3050
110 3050
110 3170
70 3170
70 3050

380 3940
380 3980
340 3980
340 3975
240 3975
240 4020
110 4020
110 4265
70 4265
70 3470
110 3470
110 3990
210 3990
210 3945
340 3945
340 3940
380 3940

160 -3430
200 -3430
200 -3310
160 -3310
160 -3430

160 2680
200 2680
200 2720
160 2720
160 2680

210 250
250 250
250 305
210 305
210 250

210 890
250 890
250 1010
210 1010
210 890

250 -2990
290 -2990
290 -2870
250 -2870
250 -2990

250 -1550
290 -1550
290 -1510
250 -1510
250 -1550

250 -830
290 -830
290 -710
250 -710
250 -830

250 700
290 700
290 740
250 740
250 700

250 2410
290 2410
290 2465
250 2465
250 2410

470 2395
470 3190
430 3190
430 2940
290 2940
290 2945
250 2945
250 2905
290 2905
290 2910
430 2910
430 2395
470 2395

340 -4070
380 -4070
380 -4015
340 -4015
340 -4070

340 -3710
380 -3710
380 -3670
340 -3670
340 -3710

470 -210
470 -55
430 -55
430 -170
340 -170
340 -470
430 -470
430 -850
470 -850
470 -430
380 -430
380 -210
470 -210

340 1310
380 1310
380 2105
340 2105
340 1310

340 4195
380 4195
380 4250
340 4250
340 4195

560 -4085
560 -3490
470 -3490
470 -3290
430 -3290
430 -3530
520 -3530
520 -4085
560 -4085

430 520
470 520
470 560
430 560
430 520

460 250
500 250
500 305
460 305
460 250

460 890
500 890
500 1010
460 1010
460 890

520 -1910
560 -1910
560 -1855
520 -1855
520 -1910

695 -1550
695 -1510
655 -1510
655 -1515
560 -1515
560 -1510
520 -1510
520 -1550
560 -1550
560 -1545
655 -1545
655 -1550
695 -1550

520 -1270
560 -1270
560 -1150
520 -1150
520 -1270

520 3490
560 3490
560 3610
520 3610
520 3490

520 3850
560 3850
560 3890
520 3890
520 3850

520 4195
560 4195
560 4250
520 4250
520 4195

610 -2990
650 -2990
650 -2870
610 -2870
610 -2990

610 -560
650 -560
650 -520
610 -520
610 -560

920 1780
920 1820
880 1820
880 1815
780 1815
780 1860
650 1860
650 2105
610 2105
610 1310
650 1310
650 1830
750 1830
750 1785
880 1785
880 1780
920 1780

1640 250
1640 290
1460 290
1460 790
1550 790
1550 1030
1510 1030
1510 830
1370 830
1370 1030
1330 1030
1330 830
1190 830
1190 1030
1150 1030
1150 830
1010 830
1010 1030
970 1030
970 830
830 830
830 1030
790 1030
790 830
700 830
700 790
1420 790
1420 250
1640 250

700 2410
740 2410
740 2465
700 2465
700 2410

700 3050
740 3050
740 3170
700 3170
700 3050

920 -3530
920 -3290
880 -3290
880 -3490
790 -3490
790 -4085
830 -4085
830 -3530
920 -3530

920 -2720
920 -2215
880 -2215
880 -2680
790 -2680
790 -3010
830 -3010
830 -2720
920 -2720

790 -380
830 -380
830 -340
790 -340
790 -380

790 250
830 250
830 305
790 305
790 250

790 1330
830 1330
830 1450
790 1450
790 1330

790 2035
830 2035
830 2090
790 2090
790 2035

790 2680
830 2680
830 2720
790 2720
790 2680

790 3470
830 3470
830 4265
790 4265
790 3470

820 -830
860 -830
860 -710
820 -710
820 -830

820 -125
860 -125
860 -70
820 -70
820 -125

1010 -1810
1010 -1330
880 -1330
880 -1130
840 -1130
840 -1370
970 -1370
970 -1770
840 -1770
840 -1925
880 -1925
880 -1810
1010 -1810

880 520
920 520
920 560
880 560
880 520

880 3050
920 3050
920 3170
880 3170
880 3050

970 -2990
1010 -2990
1010 -2870
970 -2870
970 -2990

970 1330
1010 1330
1010 1450
970 1450
970 1330

1145 2590
1145 2630
1105 2630
1105 2625
1010 2625
1010 2630
970 2630
970 2590
1010 2590
1010 2595
1105 2595
1105 2590
1145 2590

1280 3940
1280 3980
1240 3980
1240 3975
1140 3975
1140 4020
1010 4020
1010 4265
970 4265
970 3470
1010 3470
1010 3990
1110 3990
1110 3945
1240 3945
1240 3940
1280 3940

1370 -4085
1370 -3580
1280 -3580
1280 -3290
1240 -3290
1240 -3620
1330 -3620
1330 -3900
1055 -3900
1055 -3895
1015 -3895
1015 -3935
1055 -3935
1055 -3930
1330 -3930
1330 -4085
1370 -4085

1060 -830
1100 -830
1100 -710
1060 -710
1060 -830

1060 520
1100 520
1100 560
1060 560
1060 520

1060 3050
1100 3050
1100 3170
1060 3170
1060 3050

1415 -380
1415 -340
1375 -340
1375 -345
1190 -345
1190 -340
1150 -340
1150 -380
1190 -380
1190 -375
1375 -375
1375 -380
1415 -380

1150 1780
1190 1780
1190 1820
1150 1820
1150 1780

1460 1310
1460 1550
1370 1550
1370 2090
1150 2090
1150 2050
1330 2050
1330 1550
1240 1550
1240 1310
1280 1310
1280 1510
1420 1510
1420 1310
1460 1310

1640 -2540
1640 -2500
1600 -2500
1600 -2505
1500 -2505
1500 -2460
1370 -2460
1370 -2215
1330 -2215
1330 -2910
1235 -2910
1235 -2905
1195 -2905
1195 -2945
1235 -2945
1235 -2940
1330 -2940
1330 -3010
1370 -3010
1370 -2490
1470 -2490
1470 -2535
1600 -2535
1600 -2540
1640 -2540

1240 -1910
1280 -1910
1280 -1855
1240 -1855
1240 -1910

1240 -1730
1280 -1730
1280 -1690
1240 -1690
1240 -1730

1240 -1550
1280 -1550
1280 -1510
1240 -1510
1240 -1550

1240 -1270
1280 -1270
1280 -1150
1240 -1150
1240 -1270

1240 -830
1280 -830
1280 -710
1240 -710
1240 -830

1240 -125
1280 -125
1280 -70
1240 -70
1240 -125

1240 520
1280 520
1280 560
1240 560
1240 520

1240 2410
1280 2410
1280 2465
1240 2465
1240 2410

1240 3050
1280 3050
1280 3170
1240 3170
1240 3050

1240 4195
1280 4195
1280 4250
1240 4250
1240 4195

1330 2680
1370 2680
1370 2720
1330 2720
1330 2680

1420 -3430
1460 -3430
1460 -3310
1420 -3310
1420 -3430

1420 -1270
1460 -1270
1460 -1150
1420 -1150
1420 -1270

1420 3050
1460 3050
1460 3170
1420 3170
1420 3050

1420 3490
1460 3490
1460 3610
1420 3610
1420 3490

1420 4195
1460 4195
1460 4250
1420 4250
1420 4195

1510 -1640
1550 -1640
1550 -1600
1510 -1600
1510 -1640

1510 -830
1550 -830
1550 -710
1510 -710
1510 -830

1510 1690
1550 1690
1550 1730
1510 1730
1510 1690

1510 2590
1550 2590
1550 2630
1510 2630
1510 2590

1820 2770
1820 2810
1780 2810
1780 2805
1685 2805
1685 2810
1645 2810
1645 2805
1550 2805
1550 2810
1510 2810
1510 2770
1550 2770
1550 2775
1645 2775
1645 2770
1685 2770
1685 2775
1780 2775
1780 2770
1820 2770

2090 2050
2090 2090
1870 2090
1870 1950
1595 1950
1595 1955
1555 1955
1555 1915
1595 1915
1595 1920
1870 1920
1870 1550
1780 1550
1780 1310
1820 1310
1820 1510
1960 1510
1960 1310
2000 1310
2000 1550
1910 1550
1910 2050
2090 2050

1600 -2285
1640 -2285
1640 -2230
1600 -2230
1600 -2285

1600 -1910
1640 -1910
1640 -1855
1600 -1855
1600 -1910

1600 -1270
1640 -1270
1640 -1150
1600 -1150
1600 -1270

2000 -560
2000 -520
1960 -520
1960 -525
1640 -525
1640 -520
1600 -520
1600 -560
1640 -560
1640 -555
1960 -555
1960 -560
2000 -560

1775 -380
1775 -340
1735 -340
1735 -345
1640 -345
1640 -340
1600 -340
1600 -380
1640 -380
1640 -375
1735 -375
1735 -380
1775 -380

1600 610
1640 610
1640 650
1600 650
1600 610

1600 3050
1640 3050
1640 3170
1600 3170
1600 3050

1600 4195
1640 4195
1640 4250
1600 4250
1600 4195

1690 -4070
1730 -4070
1730 -4015
1690 -4015
1690 -4070

1690 -3710
1730 -3710
1730 -3670
1690 -3670
1690 -3710

2090 -4085
2090 -3490
2000 -3490
2000 -3290
1960 -3290
1960 -3495
1730 -3495
1730 -3490
1690 -3490
1690 -3530
1730 -3530
1730 -3525
1960 -3525
1960 -3530
2050 -3530
2050 -4085
2090 -4085

1690 -830
1730 -830
1730 -710
1690 -710
1690 -830

1690 -125
1730 -125
1730 -70
1690 -70
1690 -125

1690 1690
1730 1690
1730 1730
1690 1730
1690 1690

1780 -2990
1820 -2990
1820 -2870
1780 -2870
1780 -2990

1780 -2630
1820 -2630
1820 -2590
1780 -2590
1780 -2630

1780 -2285
1820 -2285
1820 -2230
1780 -2230
1780 -2285

2630 790
2630 830
2540 830
2540 1030
2500 1030
2500 830
2360 830
2360 1030
2320 1030
2320 830
2180 830
2180 1030
2140 1030
2140 830
2000 830
2000 1030
1960 1030
1960 830
1820 830
1820 1030
1780 1030
1780 790
1960 790
1960 290
1780 290
1780 250
2000 250
2000 790
2630 790

1780 2410
1820 2410
1820 2465
1780 2465
1780 2410

1780 3490
1820 3490
1820 3610
1780 3610
1780 3490

1955 3850
1955 3890
1915 3890
1915 3885
1820 3885
1820 3890
1780 3890
1780 3850
1820 3850
1820 3855
1915 3855
1915 3850
1955 3850

1780 4195
1820 4195
1820 4250
1780 4250
1780 4195

1870 -4070
1910 -4070
1910 -4015
1870 -4015
1870 -4070

1870 -1910
1910 -1910
1910 -1855
1870 -1855
1870 -1910

1870 -1550
1910 -1550
1910 -1510
1870 -1510
1870 -1550

1870 -1270
1910 -1270
1910 -1150
1870 -1150
1870 -1270

2180 2410
2180 2450
2000 2450
2000 2950
2090 2950
2090 3190
2050 3190
2050 2990
1910 2990
1910 3190
1870 3190
1870 2950
1960 2950
1960 2410
2180 2410

1960 -2990
2000 -2990
2000 -2870
1960 -2870
1960 -2990

1960 -2630
2000 -2630
2000 -2590
1960 -2590
1960 -2630

2090 -2405
2090 -2365
2050 -2365
2050 -2370
2000 -2370
2000 -2365
1960 -2365
1960 -2405
2000 -2405
2000 -2400
2050 -2400
2050 -2405
2090 -2405

1960 -830
2000 -830
2000 -710
1960 -710
1960 -830

1960 -290
2000 -290
2000 -250
1960 -250
1960 -290

1960 -125
2000 -125
2000 -70
1960 -70
1960 -125

2180 -1370
2180 -1130
2140 -1130
2140 -1330
2050 -1330
2050 -1925
2090 -1925
2090 -1370
2180 -1370

2050 1780
2090 1780
2090 1820
2050 1820
2050 1780

2050 3490
2090 3490
2090 3610
2050 3610
2050 3490

2140 -2990
2180 -2990
2180 -2870
2140 -2870
2140 -2990

2140 -380
2180 -380
2180 -340
2140 -340
2140 -380

2140 520
2180 520
2180 560
2140 560
2140 520

2315 2680
2315 2720
2275 2720
2275 2715
2180 2715
2180 2720
2140 2720
2140 2680
2180 2680
2180 2685
2275 2685
2275 2680
2315 2680

2315 3940
2315 3980
2275 3980
2275 3975
2180 3975
2180 3980
2140 3980
2140 3940
2180 3940
2180 3945
2275 3945
2275 3940
2315 3940

2230 -3430
2270 -3430
2270 -3310
2230 -3310
2230 -3430

2630 -3010
2630 -2770
2540 -2770
2540 -2215
2500 -2215
2500 -2370
2370 -2370
2370 -2415
2270 -2415
2270 -2410
2230 -2410
2230 -2450
2270 -2450
2270 -2445
2400 -2445
2400 -2400
2500 -2400
2500 -2810
2590 -2810
2590 -3010
2630 -3010

2230 3490
2270 3490
2270 3610
2230 3610
2230 3490

2230 4195
2270 4195
2270 4250
2230 4250
2230 4195

2280 -830
2320 -830
2320 -710
2280 -710
2280 -830

2280 -125
2320 -125
2320 -70
2280 -70
2280 -125

2320 -3800
2360 -3800
2360 -3760
2320 -3760
2320 -3800

2320 -2990
2360 -2990
2360 -2870
2320 -2870
2320 -2990

2320 -560
2360 -560
2360 -520
2320 -520
2320 -560

2320 520
2360 520
2360 560
2320 560
2320 520

2320 2410
2360 2410
2360 2465
2320 2465
2320 2410

2320 3050
2360 3050
2360 3170
2320 3170
2320 3050

2380 -1910
2420 -1910
2420 -1855
2380 -1855
2380 -1910

2380 -1270
2420 -1270
2420 -1150
2380 -1150
2380 -1270

2410 -4070
2450 -4070
2450 -4015
2410 -4015
2410 -4070

2410 -3430
2450 -3430
2450 -3310
2410 -3310
2410 -3430

2410 -1640
2450 -1640
2450 -1600
2410 -1600
2410 -1640

2410 1330
2450 1330
2450 1450
2410 1450
2410 1330

2765 1690
2765 1730
2725 1730
2725 1725
2450 1725
2450 1730
2410 1730
2410 1690
2450 1690
2450 1695
2725 1695
2725 1690
2765 1690

2410 2035
2450 2035
2450 2090
2410 2090
2410 2035

2410 4195
2450 4195
2450 4250
2410 4250
2410 4195

2500 -380
2540 -380
2540 -340
2500 -340
2500 -380

2500 520
2540 520
2540 560
2500 560
2500 520

2900 4030
2900 4070
2860 4070
2860 4065
2760 4065
2760 4110
2630 4110
2630 4265
2590 4265
2590 3710
2500 3710
2500 3470
2540 3470
2540 3670
2630 3670
2630 4080
2730 4080
2730 4035
2860 4035
2860 4030
2900 4030

2530 -830
2570 -830
2570 -710
2530 -710
2530 -830

2530 -125
2570 -125
2570 -70
2530 -70
2530 -125

2590 -3430
2630 -3430
2630 -3310
2590 -3310
2590 -3430

2590 -1460
2630 -1460
2630 -1420
2590 -1420
2590 -1460

2590 250
2630 250
2630 305
2590 305
2590 250

2810 2950
2810 3190
2770 3190
2770 2990
2630 2990
2630 3190
2590 3190
2590 2950
2680 2950
2680 2450
2590 2450
2590 2410
2720 2410
2720 2950
2810 2950

2630 -1910
2670 -1910
2670 -1855
2630 -1855
2630 -1910

2630 -1270
2670 -1270
2670 -1150
2630 -1150
2630 -1270

3260 -3620
3260 -3290
3220 -3290
3220 -3580
3130 -3580
3130 -3810
3030 -3810
3030 -3765
2720 -3765
2720 -3760
2680 -3760
2680 -3800
2720 -3800
2720 -3795
3000 -3795
3000 -3840
3130 -3840
3130 -4085
3170 -4085
3170 -3620
3260 -3620

2680 -2630
2720 -2630
2720 -2590
2680 -2590
2680 -2630

2680 -2285
2720 -2285
2720 -2230
2680 -2230
2680 -2285

2770 -4070
2810 -4070
2810 -4015
2770 -4015
2770 -4070

2770 -3430
2810 -3430
2810 -3310
2770 -3310
2770 -3430

2770 -1640
2810 -1640
2810 -1600
2770 -1600
2770 -1640

2900 -850
2900 -610
2810 -610
2810 -55
2770 -55
2770 -650
2860 -650
2860 -850
2900 -850

2770 3490
2810 3490
2810 3610
2770 3610
2770 3490

3125 -2405
3125 -2365
3085 -2365
3085 -2370
2900 -2370
2900 -2215
2860 -2215
2860 -2810
2950 -2810
2950 -3010
2990 -3010
2990 -2770
2900 -2770
2900 -2400
3085 -2400
3085 -2405
3125 -2405

2860 235
2900 235
2900 1030
2860 1030
2860 235

2860 2410
2900 2410
2900 2465
2860 2465
2860 2410

2860 2770
2900 2770
2900 2810
2860 2810
2860 2770

2950 -1910
2990 -1910
2990 -1855
2950 -1855
2950 -1910

2950 -1730
2990 -1730
2990 -1690
2950 -1690
2950 -1730

2950 -1550
2990 -1550
2990 -1510
2950 -1510
2950 -1550

2950 -1270
2990 -1270
2990 -1150
2950 -1150
2950 -1270

3170 -850
3170 -55
3130 -55
3130 -300
2990 -300
2990 -295
2950 -295
2950 -335
2990 -335
2990 -330
3130 -330
3130 -850
3170 -850

2950 -125
2990 -125
2990 -70
2950 -70
2950 -125

2950 1690
2990 1690
2990 1730
2950 1730
2950 1690

2950 2035
2990 2035
2990 2090
2950 2090
2950 2035

2950 3490
2990 3490
2990 3610
2950 3610
2950 3490

3040 -3430
3080 -3430
3080 -3310
3040 -3310
3040 -3430

3040 -2630
3080 -2630
3080 -2590
3040 -2590
3040 -2630

3530 1870
3530 1910
3490 1910
3490 1905
3390 1905
3390 1950
3170 1950
3170 2105
3130 2105
3130 1550
3040 1550
3040 1310
3080 1310
3080 1510
3170 1510
3170 1920
3360 1920
3360 1875
3490 1875
3490 1870
3530 1870

3040 2395
3080 2395
3080 3190
3040 3190
3040 2395

3215 3940
3215 3980
3175 3980
3175 3975
3080 3975
3080 3980
3040 3980
3040 3940
3080 3940
3080 3945
3175 3945
3175 3940
3215 3940

3130 -1910
3170 -1910
3170 -1855
3130 -1855
3130 -1910

3260 -1550
3260 -1510
3220 -1510
3220 -1515
3170 -1515
3170 -1510
3130 -1510
3130 -1550
3170 -1550
3170 -1545
3220 -1545
3220 -1550
3260 -1550

3130 -1270
3170 -1270
3170 -1150
3130 -1150
3130 -1270

3130 890
3170 890
3170 1010
3130 1010
3130 890

3130 3490
3170 3490
3170 3610
3130 3610
3130 3490

3130 4195
3170 4195
3170 4250
3130 4250
3130 4195

3350 700
3350 1030
3310 1030
3310 740
3220 740
3220 235
3260 235
3260 700
3350 700

3710 2950
3710 3190
3670 3190
3670 2990
3530 2990
3530 3190
3490 3190
3490 2950
3580 2950
3580 2450
3400 2450
3400 2445
3305 2445
3305 2450
3265 2450
3265 2410
3305 2410
3305 2415
3400 2415
3400 2410
3620 2410
3620 2950
3710 2950

3310 -2990
3350 -2990
3350 -2870
3310 -2870
3310 -2990

3310 -2630
3350 -2630
3350 -2590
3310 -2590
3310 -2630

3310 -2285
3350 -2285
3350 -2230
3310 -2230
3310 -2285

3310 -1270
3350 -1270
3350 -1150
3310 -1150
3310 -1270

3310 3490
3350 3490
3350 3610
3310 3610
3310 3490

3400 -4070
3440 -4070
3440 -4015
3400 -4015
3400 -4070

3400 -3430
3440 -3430
3440 -3310
3400 -3310
3400 -3430

3530 -560
3530 -55
3490 -55
3490 -520
3400 -520
3400 -850
3440 -850
3440 -780
3490 -780
3490 -785
3530 -785
3530 -745
3490 -745
3490 -750
3440 -750
3440 -560
3530 -560

3400 1330
3440 1330
3440 1450
3400 1450
3400 1330

3400 3940
3440 3940
3440 3980
3400 3980
3400 3940

3490 -3800
3530 -3800
3530 -3760
3490 -3760
3490 -3800

3490 -2630
3530 -2630
3530 -2590
3490 -2590
3490 -2630

3490 -2285
3530 -2285
3530 -2230
3490 -2230
3490 -2285

3490 3490
3530 3490
3530 3610
3490 3610
3490 3490

3490 4195
3530 4195
3530 4250
3490 4250
3490 4195

3580 -3430
3620 -3430
3620 -3310
3580 -3310
3580 -3430

3710 -2810
3710 -2215
3670 -2215
3670 -2770
3580 -2770
3580 -3010
3620 -3010
3620 -2810
3710 -2810

3580 -1925
3620 -1925
3620 -1130
3580 -1130
3580 -1925

3580 890
3620 890
3620 1010
3580 1010
3580 890

3580 1330
3620 1330
3620 1450
3580 1450
3580 1330

3890 235
3890 740
3800 740
3800 1030
3760 1030
3760 700
3850 700
3850 420
3665 420
3665 425
3625 425
3625 385
3665 385
3665 390
3850 390
3850 235
3890 235

3980 -4085
3980 -3580
3890 -3580
3890 -3290
3850 -3290
3850 -3620
3940 -3620
3940 -3900
3710 -3900
3710 -3895
3670 -3895
3670 -3935
3710 -3935
3710 -3930
3940 -3930
3940 -4085
3980 -4085

4070 1310
4070 1550
3980 1550
3980 2105
3940 2105
3940 1860
3810 1860
3810 1815
3710 1815
3710 1820
3670 1820
3670 1780
3710 1780
3710 1785
3840 1785
3840 1830
3940 1830
3940 1510
4030 1510
4030 1310
4070 1310

3670 3850
3710 3850
3710 3890
3670 3890
3670 3850

3670 4195
3710 4195
3710 4250
3670 4250
3670 4195

3890 -290
3890 -250
3850 -250
3850 -255
3755 -255
3755 -250
3715 -250
3715 -290
3755 -290
3755 -285
3850 -285
3850 -290
3890 -290

3760 -830
3800 -830
3800 -710
3760 -710
3760 -830

3760 1330
3800 1330
3800 1450
3760 1450
3760 1330

3760 2035
3800 2035
3800 2090
3760 2090
3760 2035

3760 2410
3800 2410
3800 2465
3760 2465
3760 2410

3760 2770
3800 2770
3800 2810
3760 2810
3760 2770

3890 3670
3890 4265
3850 4265
3850 3710
3760 3710
3760 3470
3800 3470
3800 3670
3890 3670

3940 -2990
3980 -2990
3980 -2870
3940 -2870
3940 -2990

4115 -2630
4115 -2590
4075 -2590
4075 -2595
3980 -2595
3980 -2590
3940 -2590
3940 -2630
3980 -2630
3980 -2625
4075 -2625
4075 -2630
4115 -2630

3940 -2285
3980 -2285
3980 -2230
3940 -2230
3940 -2285

3940 -1270
3980 -1270
3980 -1150
3940 -1150
3940 -1270

3940 -830
3980 -830
3980 -710
3940 -710
3940 -830

3940 890
3980 890
3980 1010
3940 1010
3940 890

3940 3050
3980 3050
3980 3170
3940 3170
3940 3050

4030 -380
4070 -380
4070 -340
4030 -340
4030 -380

4030 2680
4070 2680
4070 2720
4030 2720
4030 2680

4160 3470
4160 3710
4070 3710
4070 4265
4030 4265
4030 3670
4120 3670
4120 3470
4160 3470

4340 -1775
4340 -1735
4300 -1735
4300 -1740
4115 -1740
4115 -1735
4075 -1735
4075 -1775
4115 -1775
4115 -1770
4300 -1770
4300 -1775
4340 -1775

4120 -2990
4160 -2990
4160 -2870
4120 -2870
4120 -2990

4120 -1550
4160 -1550
4160 -1510
4120 -1510
4120 -1550

4120 -1270
4160 -1270
4160 -1150
4120 -1150
4120 -1270

4120 -830
4160 -830
4160 -710
4120 -710
4120 -830

4120 -125
4160 -125
4160 -70
4120 -70
4120 -125

4250 790
4250 1030
4210 1030
4210 830
4120 830
4120 235
4160 235
4160 790
4250 790

4120 1690
4160 1690
4160 1730
4120 1730
4120 1690

4120 2035
4160 2035
4160 2090
4120 2090
4120 2035

4120 2410
4160 2410
4160 2465
4120 2465
4120 2410

4120 3050
4160 3050
4160 3170
4120 3170
4120 3050

4430 -3530
4430 -3290
4390 -3290
4390 -3490
4300 -3490
4300 -3495
4205 -3495
4205 -3490
4165 -3490
4165 -3530
4205 -3530
4205 -3525
4300 -3525
4300 -4085
4340 -4085
4340 -3530
4430 -3530

4210 -2450
4250 -2450
4250 -2410
4210 -2410
4210 -2450

4210 3850
4250 3850
4250 3890
4210 3890
4210 3850

4210 4195
4250 4195
4250 4250
4210 4250
4210 4195

4300 -2990
4340 -2990
4340 -2870
4300 -2870
4300 -2990

4340 -1460
4340 -1420
4300 -1420
4300 -1460
4305 -1460
4305 -1510
4300 -1510
4300 -1550
4340 -1550
4340 -1510
4335 -1510
4335 -1460
4340 -1460

4300 -1270
4340 -1270
4340 -1150
4300 -1150
4300 -1270

4300 -830
4340 -830
4340 -710
4300 -710
4300 -830

4300 250
4340 250
4340 305
4300 305
4300 250

4475 610
4475 650
4435 650
4435 645
4340 645
4340 650
4300 650
4300 610
4340 610
4340 615
4435 615
4435 610
4475 610

4430 1310
4430 1550
4340 1550
4340 2105
4300 2105
4300 1510
4390 1510
4390 1310
4430 1310

4300 3050
4340 3050
4340 3170
4300 3170
4300 3050

4390 -2540
4430 -2540
4430 -2500
4390 -2500
4390 -2540

4390 -380
4430 -380
4430 -340
4390 -340
4390 -380

4745 2680
4745 2720
4705 2720
4705 2715
4430 2715
4430 2720
4390 2720
4390 2680
4430 2680
4430 2685
4705 2685
4705 2680
4745 2680

4390 3470
4430 3470
4430 4265
4390 4265
4390 3470

4480 -4070
4520 -4070
4520 -4015
4480 -4015
4480 -4070

4480 -2990
4520 -2990
4520 -2870
4480 -2870
4480 -2990

4480 -2285
4520 -2285
4520 -2230
4480 -2230
4480 -2285

4480 -1270
4520 -1270
4520 -1150
4480 -1150
4480 -1270

4480 -830
4520 -830
4520 -710
4480 -710
4480 -830

4480 -125
4520 -125
4520 -70
4480 -70
4480 -125

4655 1690
4655 1730
4615 1730
4615 1725
4520 1725
4520 1730
4480 1730
4480 1690
4520 1690
4520 1695
4615 1695
4615 1690
4655 1690

4480 2035
4520 2035
4520 2090
4480 2090
4480 2035

4480 2410
4520 2410
4520 2465
4480 2465
4480 2410

4480 3050
4520 3050
4520 3170
4480 3170
4480 3050

