ID: 0
(-6545, -3010, -4390, -2215)
ID: 1
(-4460, -4070, -4420, -4015)
ID: 2
(-4460, -3430, -4420, -3310)
ID: 3
(-4430, -3800, -4390, -3760)
ID: 4
(-4430, -1925, -4300, -1130)
ID: 5
(-4430, -1270, -4390, -1150)
ID: 6
(-4430, -830, -4390, -710)
ID: 7
(-4430, -850, -4300, -55)
ID: 8
(-4430, 250, -4390, 305)
ID: 9
(-4430, 610, -4390, 650)
ID: 10
(-4430, 890, -4390, 1010)
ID: 11
(-4430, 1330, -4390, 1450)
ID: 12
(-4430, 1310, -4300, 2105)
ID: 13
(-4430, 2410, -4390, 2465)
ID: 14
(-4430, 2770, -4390, 2810)
ID: 15
(-4430, 3050, -4390, 3170)
ID: 16
(-4430, 3490, -4390, 3610)
ID: 17
(-4430, 3470, -4120, 4265)
ID: 18
(-4380, -4085, -4300, -3290)
ID: 19
(-4340, -2990, -4300, -2870)
ID: 20
(-4340, -2630, -4300, -2590)
ID: 21
(-4340, -2285, -4300, -2230)
ID: 22
(-4340, -1775, -3895, -1600)
ID: 23
(-4340, -380, -4300, -340)
ID: 24
(-4340, 235, -4300, 1030)
ID: 25
(-4340, 1780, -4300, 1820)
ID: 26
(-4340, 1310, -3940, 2105)
ID: 27
(-4340, 2395, -4165, 3190)
ID: 28
(-4340, 3850, -4300, 3980)
ID: 29
(-4290, -4085, -4120, -3290)
ID: 30
(-4250, -3620, -4210, -3580)
ID: 31
(-4250, -1910, -4210, -1855)
ID: 32
(-4250, -1685, -4120, -1645)
ID: 33
(-4250, -1550, -4210, -1510)
ID: 34
(-4250, -1270, -4210, -1150)
ID: 35
(-4250, -830, -4210, -710)
ID: 36
(-4250, -470, -4210, -430)
ID: 37
(-4250, -125, -4210, -70)
ID: 38
(-4250, 1330, -4210, 1450)
ID: 39
(-4250, 1690, -4075, 1730)
ID: 40
(-4250, 2035, -4210, 2090)
ID: 41
(-4250, 3490, -4210, 3610)
ID: 42
(-4250, 3850, -4210, 3890)
ID: 43
(-4250, 4195, -4210, 4250)
ID: 44
(-4210, -4070, -4170, -4015)
ID: 45
(-4210, -3430, -4170, -3310)
ID: 46
(-4205, 1780, -4030, 1820)
ID: 47
(-4160, -3010, -4120, -2215)
ID: 48
(-4160, 2410, -4120, 2465)
ID: 49
(-4160, 2770, -4120, 2810)
ID: 50
(-4160, 3050, -4120, 3170)
ID: 51
(-4115, 610, -3940, 650)
ID: 52
(-4070, -4085, -3445, -3290)
ID: 53
(-4070, -3800, -4030, -3760)
ID: 54
(-4070, -2990, -4030, -2870)
ID: 55
(-4070, -3010, -3850, -2215)
ID: 56
(-4070, -2630, -3940, -2590)
ID: 57
(-4070, -2285, -4030, -2230)
ID: 58
(-4070, -830, -4030, -710)
ID: 59
(-4070, -560, -4030, -520)
ID: 60
(-4070, -470, -4030, -430)
ID: 61
(-4070, -290, -4030, -250)
ID: 62
(-4070, -125, -4030, -70)
ID: 63
(-4070, 2035, -4030, 2090)
ID: 64
(-4070, 2395, -3940, 3190)
ID: 65
(-4070, 3490, -4030, 3610)
ID: 66
(-4070, 3470, -3670, 4265)
ID: 67
(-4025, -1925, -3760, -1130)
ID: 68
(-3980, -850, -3850, -55)
ID: 69
(-3980, 250, -3940, 305)
ID: 70
(-3980, 890, -3940, 1010)
ID: 71
(-3980, 2410, -3940, 2465)
ID: 72
(-3980, 2395, -3490, 3190)
ID: 73
(-3980, 3940, -3715, 3980)
ID: 74
(-3980, 4075, -3580, 4115)
ID: 75
(-3890, -4070, -3850, -4015)
ID: 76
(-3890, -3890, -3850, -3850)
ID: 77
(-3890, -3710, -3850, -3670)
ID: 78
(-3890, -3620, -3265, -3580)
ID: 79
(-3890, -3430, -3850, -3310)
ID: 80
(-3890, -380, -3850, -340)
ID: 81
(-3890, 520, -3850, 560)
ID: 82
(-3890, 235, -3625, 1030)
ID: 83
(-3890, 1330, -3850, 1450)
ID: 84
(-3890, 1690, -3715, 1730)
ID: 85
(-3890, 1780, -3670, 1820)
ID: 86
(-3890, 2035, -3850, 2090)
ID: 87
(-3890, 3490, -3850, 3610)
ID: 88
(-3890, 3850, -3850, 3890)
ID: 89
(-3890, 4195, -3850, 4250)
ID: 90
(-3800, -2990, -3760, -2870)
ID: 91
(-3800, -2720, -3760, -2590)
ID: 92
(-3800, -2285, -3760, -2230)
ID: 93
(-3800, -850, -3630, -55)
ID: 94
(-3800, 890, -3760, 1010)
ID: 95
(-3755, -2540, -3490, -2500)
ID: 96
(-3750, -830, -3710, -710)
ID: 97
(-3750, -125, -3710, -70)
ID: 98
(-3710, -1910, -2770, -1130)
ID: 99
(-3710, -560, -3670, -520)
ID: 100
(-3710, 1310, -3580, 2105)
ID: 101
(-3710, 2035, -3670, 2090)
ID: 102
(-3710, 2410, -3670, 2465)
ID: 103
(-3710, 2545, -3535, 2585)
ID: 104
(-3710, 2770, -3670, 2810)
ID: 105
(-3710, 3050, -3670, 3170)
ID: 106
(-3710, 3490, -3670, 3610)
ID: 107
(-3710, 4195, -3670, 4250)
ID: 108
(-3620, -2990, -3580, -2870)
ID: 109
(-3620, -2630, -3580, -2590)
ID: 110
(-3620, -2285, -3580, -2230)
ID: 111
(-3620, -1910, -3580, -1855)
ID: 112
(-3620, -1550, -3580, -1510)
ID: 113
(-3620, -850, -3540, -55)
ID: 114
(-3620, 3470, -3310, 4250)
ID: 115
(-3620, 3940, -3580, 3980)
ID: 116
(-3530, -3010, -3400, -2215)
ID: 117
(-3530, -1640, -3490, -1600)
ID: 118
(-3530, -1270, -3490, -1150)
ID: 119
(-3530, -380, -3265, -340)
ID: 120
(-3530, 235, -3400, 1030)
ID: 121
(-3530, 890, -3490, 1010)
ID: 122
(-3530, 1330, -3490, 1450)
ID: 123
(-3530, 1690, -3490, 1730)
ID: 124
(-3530, 2035, -3490, 2090)
ID: 125
(-3530, 2410, -3490, 2465)
ID: 126
(-3530, 2395, -3220, 3190)
ID: 127
(-3530, 3490, -3490, 3610)
ID: 128
(-3500, -830, -3460, -710)
ID: 129
(-3500, -125, -3460, -70)
ID: 130
(-3485, -3710, -3310, -3670)
ID: 131
(-3485, -470, -3220, -430)
ID: 132
(-3440, -2990, -3400, -2870)
ID: 133
(-3440, -1550, -3400, -1510)
ID: 134
(-3440, 520, -3400, 560)
ID: 135
(-3440, 3470, -3040, 4265)
ID: 136
(-3395, 1310, -3220, 2105)
ID: 137
(-3350, -4070, -3310, -4015)
ID: 138
(-3350, -3430, -3310, -3310)
ID: 139
(-3350, -1640, -3310, -1600)
ID: 140
(-3350, -1270, -3310, -1150)
ID: 141
(-3350, 250, -3310, 305)
ID: 142
(-3350, 235, -2950, 1030)
ID: 143
(-3350, 610, -3310, 650)
ID: 144
(-3350, 890, -3310, 1010)
ID: 145
(-3350, 2410, -3310, 2465)
ID: 146
(-3350, 2770, -3310, 2810)
ID: 147
(-3350, 3050, -3310, 3170)
ID: 148
(-3350, 3490, -3310, 3610)
ID: 149
(-3350, 3940, -3310, 3980)
ID: 150
(-3260, -3800, -3220, -3760)
ID: 151
(-3260, -4085, -3130, -3290)
ID: 152
(-3260, -2990, -3220, -2870)
ID: 153
(-3260, -2630, -3220, -2590)
ID: 154
(-3260, -2285, -3220, -2230)
ID: 155
(-3260, -1550, -3085, -1510)
ID: 156
(-3260, -830, -3220, -710)
ID: 157
(-3260, -125, -3220, -70)
ID: 158
(-3170, -3430, -3130, -3310)
ID: 159
(-3170, -3010, -2770, -2215)
ID: 160
(-3170, -2540, -3130, -2500)
ID: 161
(-3170, -1640, -3130, -1600)
ID: 162
(-3170, -1270, -3130, -1150)
ID: 163
(-3170, -850, -2905, -55)
ID: 164
(-3170, 250, -3130, 305)
ID: 165
(-3170, 430, -3130, 470)
ID: 166
(-3170, 610, -3130, 650)
ID: 167
(-3170, 700, -3130, 740)
ID: 168
(-3170, 890, -3130, 1010)
ID: 169
(-3170, 1330, -3130, 1450)
ID: 170
(-3170, 1690, -3130, 1730)
ID: 171
(-3170, 2035, -3130, 2090)
ID: 172
(-3170, 2395, -3040, 3190)
ID: 173
(-3170, 3050, -3130, 3170)
ID: 174
(-3170, 3490, -3130, 3610)
ID: 175
(-3080, -4085, -2950, -3290)
ID: 176
(-3080, -2990, -3040, -2870)
ID: 177
(-3080, -1730, -3040, -1690)
ID: 178
(-3080, 2680, -3040, 2720)
ID: 179
(-3080, 3940, -3040, 3980)
ID: 180
(-3035, -850, -2680, -55)
ID: 181
(-3035, 1780, -2860, 1820)
ID: 182
(-2990, -1270, -2950, -1150)
ID: 183
(-2990, 520, -2950, 560)
ID: 184
(-2990, 1330, -2950, 1450)
ID: 185
(-2990, 1690, -2950, 1730)
ID: 186
(-2990, 2035, -2950, 2090)
ID: 187
(-2990, 2410, -2950, 2465)
ID: 188
(-2990, 2770, -2770, 2810)
ID: 189
(-2990, 3050, -2950, 3170)
ID: 190
(-2990, 3490, -2950, 3610)
ID: 191
(-2990, 3850, -2950, 3890)
ID: 192
(-2990, 4195, -2950, 4250)
ID: 193
(-2945, 2395, -2590, 3190)
ID: 194
(-2945, 2680, -2680, 2720)
ID: 195
(-2900, -4070, -2860, -4015)
ID: 196
(-2900, -3710, -2725, -3670)
ID: 197
(-2900, -3430, -2860, -3310)
ID: 198
(-2900, -2990, -2860, -2870)
ID: 199
(-2900, -2630, -2860, -2590)
ID: 200
(-2900, -2285, -2860, -2230)
ID: 201
(-2900, -1925, -2500, -1130)
ID: 202
(-2900, 235, -2730, 1030)
ID: 203
(-2900, 1310, -2770, 2105)
ID: 204
(-2850, 250, -2810, 305)
ID: 205
(-2850, 890, -2810, 1010)
ID: 206
(-2810, -3010, -2500, -2230)
ID: 207
(-2810, -1550, -2770, -1510)
ID: 208
(-2810, -1270, -2770, -1150)
ID: 209
(-2810, -830, -2770, -710)
ID: 210
(-2810, 700, -2770, 740)
ID: 211
(-2810, 1330, -2770, 1450)
ID: 212
(-2810, 2410, -2770, 2465)
ID: 213
(-2810, 3050, -2770, 3170)
ID: 214
(-2810, 3490, -2770, 3610)
ID: 215
(-2810, 3850, -2770, 3890)
ID: 216
(-2810, 4195, -2770, 4250)
ID: 217
(-2765, -4085, -2500, -3290)
ID: 218
(-2720, -2990, -2680, -2870)
ID: 219
(-2720, -380, -2455, -340)
ID: 220
(-2720, 235, -2640, 1030)
ID: 221
(-2720, 3470, -2410, 4265)
ID: 222
(-2630, -3430, -2590, -3310)
ID: 223
(-2630, -3010, -2230, -2215)
ID: 224
(-2630, -1270, -2590, -1150)
ID: 225
(-2630, -830, -2590, -710)
ID: 226
(-2630, -470, -2590, -430)
ID: 227
(-2630, -125, -2590, -70)
ID: 228
(-2630, 520, -2590, 560)
ID: 229
(-2630, 1330, -2590, 1450)
ID: 230
(-2630, 1600, -2590, 1640)
ID: 231
(-2630, 1690, -2590, 1730)
ID: 232
(-2630, 1870, -2590, 1910)
ID: 233
(-2630, 2035, -2590, 2090)
ID: 234
(-2630, 3050, -2590, 3170)
ID: 235
(-2600, 250, -2560, 305)
ID: 236
(-2600, 890, -2560, 1010)
ID: 237
(-2540, -3800, -2275, -3760)
ID: 238
(-2540, -2990, -2500, -2870)
ID: 239
(-2540, -2540, -2500, -2500)
ID: 240
(-2540, -1640, -2500, -1600)
ID: 241
(-2540, 1310, -2410, 2105)
ID: 242
(-2495, 3940, -2320, 3980)
ID: 243
(-2450, -4070, -2410, -4015)
ID: 244
(-2450, -4085, -1960, -3290)
ID: 245
(-2450, -3710, -2410, -3670)
ID: 246
(-2450, -3430, -2410, -3310)
ID: 247
(-2450, -1910, -2410, -1855)
ID: 248
(-2450, -1925, -2050, -1130)
ID: 249
(-2450, -1550, -2410, -1510)
ID: 250
(-2450, -1270, -2410, -1150)
ID: 251
(-2450, 1780, -2410, 1820)
ID: 252
(-2450, 2410, -2410, 2465)
ID: 253
(-2450, 2770, -2410, 2810)
ID: 254
(-2450, 3050, -2410, 3170)
ID: 255
(-2450, 3490, -2410, 3610)
ID: 256
(-2450, 4195, -2410, 4250)
ID: 257
(-2360, -2990, -2320, -2870)
ID: 258
(-2360, -830, -2320, -710)
ID: 259
(-2360, -560, -2320, -520)
ID: 260
(-2360, -470, -2320, -430)
ID: 261
(-2360, -290, -2320, -250)
ID: 262
(-2360, -125, -2320, -70)
ID: 263
(-2360, 1310, -2190, 2105)
ID: 264
(-2360, 2680, -2320, 2720)
ID: 265
(-2360, 2395, -2230, 3190)
ID: 266
(-2360, 3470, -2230, 4265)
ID: 267
(-2310, 1330, -2270, 1450)
ID: 268
(-2310, 2035, -2270, 2090)
ID: 269
(-2270, -2540, -2005, -2500)
ID: 270
(-2270, -1910, -2230, -1855)
ID: 271
(-2270, -1730, -2230, -1690)
ID: 272
(-2270, -1550, -2230, -1510)
ID: 273
(-2270, -1460, -2230, -1420)
ID: 274
(-2270, -1270, -2230, -1150)
ID: 275
(-2270, -850, -2140, -55)
ID: 276
(-2270, 1600, -2230, 1640)
ID: 277
(-2270, 3050, -2230, 3170)
ID: 278
(-2270, 3490, -2230, 3610)
ID: 279
(-2180, -4070, -2140, -4015)
ID: 280
(-2180, -3890, -2140, -3850)
ID: 281
(-2180, -3710, -2140, -3670)
ID: 282
(-2180, -3620, -2140, -3580)
ID: 283
(-2180, -3430, -2140, -3310)
ID: 284
(-2180, -2990, -2140, -2870)
ID: 285
(-2180, -2630, -2140, -2590)
ID: 286
(-2180, -2285, -2140, -2230)
ID: 287
(-2180, -380, -2140, -340)
ID: 288
(-2180, 1310, -2100, 2105)
ID: 289
(-2135, 3470, -1960, 4265)
ID: 290
(-2090, -1640, -2050, -1600)
ID: 291
(-2090, -850, -1920, -55)
ID: 292
(-2090, 235, -1555, 1030)
ID: 293
(-2090, 890, -2050, 1010)
ID: 294
(-2090, 1780, -1870, 1820)
ID: 295
(-2090, 2410, -2050, 2465)
ID: 296
(-2090, 2770, -1960, 2810)
ID: 297
(-2090, 3050, -2050, 3170)
ID: 298
(-2060, 1330, -2020, 1450)
ID: 299
(-2060, 2035, -2020, 2090)
ID: 300
(-2040, -830, -2000, -710)
ID: 301
(-2040, -125, -2000, -70)
ID: 302
(-2000, -3800, -1960, -3760)
ID: 303
(-2000, -2990, -1960, -2870)
ID: 304
(-2000, -2720, -1960, -2590)
ID: 305
(-2000, -2285, -1960, -2230)
ID: 306
(-2000, -1925, -1830, -1130)
ID: 307
(-2000, -560, -1960, -520)
ID: 308
(-2000, 520, -1960, 560)
ID: 309
(-2000, 2680, -1960, 2720)
ID: 310
(-2000, 2395, -1690, 3190)
ID: 311
(-1950, -1910, -1910, -1855)
ID: 312
(-1950, -1270, -1910, -1150)
ID: 313
(-1910, -4085, -1740, -3290)
ID: 314
(-1910, -3010, -1555, -2215)
ID: 315
(-1910, -1460, -1870, -1420)
ID: 316
(-1910, -850, -1830, -55)
ID: 317
(-1910, 250, -1870, 305)
ID: 318
(-1910, 610, -1735, 650)
ID: 319
(-1910, 890, -1870, 1010)
ID: 320
(-1910, 1330, -1870, 1450)
ID: 321
(-1910, 1600, -1870, 1640)
ID: 322
(-1910, 1690, -1870, 1730)
ID: 323
(-1910, 1870, -1870, 1910)
ID: 324
(-1910, 2035, -1870, 2090)
ID: 325
(-1910, 3050, -1870, 3170)
ID: 326
(-1910, 3490, -1870, 3610)
ID: 327
(-1910, 3470, -1600, 4265)
ID: 328
(-1910, 4195, -1870, 4250)
ID: 329
(-1860, -4070, -1820, -4015)
ID: 330
(-1860, -3430, -1820, -3310)
ID: 331
(-1820, -3620, -1780, -3580)
ID: 332
(-1820, -2630, -1510, -2590)
ID: 333
(-1820, -1925, -1740, -1130)
ID: 334
(-1820, -380, -1465, -340)
ID: 335
(-1820, 1310, -1690, 2105)
ID: 336
(-1790, -830, -1750, -710)
ID: 337
(-1790, -125, -1750, -70)
ID: 338
(-1775, -850, -1240, -55)
ID: 339
(-1775, 2680, -1600, 2720)
ID: 340
(-1730, -4085, -1650, -3290)
ID: 341
(-1730, -1640, -1555, -1600)
ID: 342
(-1730, 1780, -1690, 1820)
ID: 343
(-1730, 2410, -1690, 2465)
ID: 344
(-1730, 3050, -1690, 3170)
ID: 345
(-1730, 3490, -1690, 3610)
ID: 346
(-1700, -1910, -1660, -1855)
ID: 347
(-1700, -1270, -1660, -1150)
ID: 348
(-1685, 235, -1150, 1030)
ID: 349
(-1640, -3800, -1600, -3760)
ID: 350
(-1640, 1310, -1470, 2105)
ID: 351
(-1640, 2410, -1330, 3190)
ID: 352
(-1640, 3940, -1465, 3980)
ID: 353
(-1610, -4070, -1570, -4015)
ID: 354
(-1610, -3430, -1570, -3310)
ID: 355
(-1595, -1925, -1420, -1130)
ID: 356
(-1590, 1330, -1550, 1450)
ID: 357
(-1590, 2035, -1550, 2090)
ID: 358
(-1550, -2990, -1510, -2870)
ID: 359
(-1550, -2285, -1510, -2230)
ID: 360
(-1550, 1600, -1510, 1640)
ID: 361
(-1550, 3050, -1510, 3170)
ID: 362
(-1550, 3490, -1510, 3610)
ID: 363
(-1550, 3850, -1375, 3890)
ID: 364
(-1550, 4195, -1510, 4250)
ID: 365
(-1505, -4085, -1240, -3290)
ID: 366
(-1505, 925, -1375, 965)
ID: 367
(-1460, -3010, -1330, -2215)
ID: 368
(-1460, 1310, -1380, 2105)
ID: 369
(-1460, 2590, -1420, 2630)
ID: 370
(-1415, 2770, -1150, 2810)
ID: 371
(-1400, 3490, -1360, 3610)
ID: 372
(-1400, 4195, -1360, 4250)
ID: 373
(-1370, -2540, -1150, -2500)
ID: 374
(-1370, -2285, -1330, -2230)
ID: 375
(-1370, -1910, -1330, -1855)
ID: 376
(-1370, -1925, -970, -1130)
ID: 377
(-1370, -1270, -1330, -1150)
ID: 378
(-1370, 1780, -1330, 1820)
ID: 379
(-1370, 2680, -1195, 2720)
ID: 380
(-1370, 3050, -1330, 3170)
ID: 381
(-1370, 3940, -1330, 3980)
ID: 382
(-1340, 1330, -1300, 1450)
ID: 383
(-1340, 2035, -1300, 2090)
ID: 384
(-1325, -2630, -1150, -2590)
ID: 385
(-1320, 3470, -1240, 4265)
ID: 386
(-1280, 890, -1240, 1010)
ID: 387
(-1230, 3470, -1060, 4265)
ID: 388
(-1190, -4070, -1150, -4015)
ID: 389
(-1190, -3710, -1150, -3670)
ID: 390
(-1190, -3430, -1150, -3310)
ID: 391
(-1190, -2990, -1150, -2870)
ID: 392
(-1190, -2285, -1150, -2230)
ID: 393
(-1190, -830, -1150, -710)
ID: 394
(-1190, -470, -1015, -430)
ID: 395
(-1190, -125, -1150, -70)
ID: 396
(-1190, 520, -1150, 560)
ID: 397
(-1190, 2410, -1150, 2465)
ID: 398
(-1190, 3050, -1150, 3170)
ID: 399
(-1190, 3760, -1150, 3800)
ID: 400
(-1150, 3490, -1110, 3610)
ID: 401
(-1150, 4195, -1110, 4250)
ID: 402
(-1100, -3010, -700, -2215)
ID: 403
(-1100, -1270, -1060, -1150)
ID: 404
(-1100, 250, -1060, 305)
ID: 405
(-1100, 235, -700, 1030)
ID: 406
(-1100, 610, -1060, 650)
ID: 407
(-1100, 890, -1060, 1010)
ID: 408
(-1100, 1330, -1060, 1450)
ID: 409
(-1100, 1600, -1060, 1640)
ID: 410
(-1100, 1690, -1060, 1730)
ID: 411
(-1100, 1870, -1060, 1910)
ID: 412
(-1100, 2035, -1060, 2090)
ID: 413
(-1100, 2395, -880, 3190)
ID: 414
(-1010, -2540, -970, -2500)
ID: 415
(-1010, -2285, -970, -2230)
ID: 416
(-1010, -1640, -970, -1600)
ID: 417
(-1010, 1310, -880, 2105)
ID: 418
(-1010, 3470, -610, 4265)
ID: 419
(-1010, 3940, -970, 3980)
ID: 420
(-920, -1910, -880, -1855)
ID: 421
(-920, -1550, -880, -1510)
ID: 422
(-920, -1270, -880, -1150)
ID: 423
(-920, -830, -880, -710)
ID: 424
(-920, -560, -880, -520)
ID: 425
(-920, -470, -880, -430)
ID: 426
(-920, -290, -880, -250)
ID: 427
(-920, -125, -880, -70)
ID: 428
(-920, 250, -880, 305)
ID: 429
(-920, 430, -880, 470)
ID: 430
(-920, 610, -880, 650)
ID: 431
(-920, 700, -880, 740)
ID: 432
(-920, 890, -880, 1010)
ID: 433
(-920, 1780, -880, 1820)
ID: 434
(-920, 2410, -880, 2465)
ID: 435
(-920, 2770, -880, 2810)
ID: 436
(-920, 3050, -880, 3170)
ID: 437
(-830, -2990, -790, -2870)
ID: 438
(-830, -2630, -790, -2590)
ID: 439
(-830, -2285, -790, -2230)
ID: 440
(-830, -850, -700, -55)
ID: 441
(-830, 1310, -660, 2105)
ID: 442
(-830, 2680, -790, 2720)
ID: 443
(-830, 2395, -700, 3190)
ID: 444
(-830, 3490, -790, 3610)
ID: 445
(-830, 3760, -790, 3800)
ID: 446
(-830, 3850, -790, 3890)
ID: 447
(-830, 4030, -790, 4070)
ID: 448
(-830, 4195, -790, 4250)
ID: 449
(-780, 1330, -740, 1450)
ID: 450
(-780, 2035, -740, 2090)
ID: 451
(-770, -4070, -730, -4015)
ID: 452
(-770, -3430, -730, -3310)
ID: 453
(-740, -3800, -700, -3760)
ID: 454
(-740, -3010, -610, -2215)
ID: 455
(-740, -2540, -700, -2500)
ID: 456
(-740, -1925, -385, -1130)
ID: 457
(-740, -380, -700, -340)
ID: 458
(-740, 520, -700, 560)
ID: 459
(-740, 1600, -700, 1640)
ID: 460
(-740, 3050, -700, 3170)
ID: 461
(-695, 3470, -430, 4265)
ID: 462
(-690, -4085, -610, -3290)
ID: 463
(-650, -2990, -610, -2870)
ID: 464
(-650, -1550, -520, -1510)
ID: 465
(-650, -1910, 290, -1130)
ID: 466
(-650, -850, -480, -55)
ID: 467
(-650, 235, -480, 1030)
ID: 468
(-650, 1310, -570, 2105)
ID: 469
(-650, 3490, -610, 3610)
ID: 470
(-650, 3850, -610, 3890)
ID: 471
(-650, 4195, -610, 4250)
ID: 472
(-600, -4085, -430, -3290)
ID: 473
(-600, -830, -560, -710)
ID: 474
(-600, -125, -560, -70)
ID: 475
(-600, 250, -560, 305)
ID: 476
(-600, 890, -560, 1010)
ID: 477
(-560, -3620, -520, -3580)
ID: 478
(-560, -1910, -520, -1855)
ID: 479
(-560, -560, -520, -520)
ID: 480
(-560, 700, -520, 740)
ID: 481
(-560, 1780, -520, 1820)
ID: 482
(-560, 2395, -520, 3190)
ID: 483
(-560, 3940, -520, 3980)
ID: 484
(-530, 1330, -490, 1450)
ID: 485
(-530, 2035, -490, 2090)
ID: 486
(-520, -4070, -480, -4015)
ID: 487
(-520, -3430, -480, -3310)
ID: 488
(-470, -3010, -430, -2215)
ID: 489
(-470, -1640, -430, -1600)
ID: 490
(-470, -1270, -430, -1150)
ID: 491
(-470, -850, -390, -55)
ID: 492
(-470, 235, -390, 1030)
ID: 493
(-470, 2410, -430, 2465)
ID: 494
(-470, 2770, -295, 2810)
ID: 495
(-470, 3050, -430, 3170)
ID: 496
(-470, 3490, -430, 3610)
ID: 497
(-425, 2395, -160, 3190)
ID: 498
(-380, -4085, 20, -3290)
ID: 499
(-380, -3800, -340, -3760)
ID: 500
(-380, -2990, -340, -2870)
ID: 501
(-380, -2630, -160, -2590)
ID: 502
(-380, -2285, -340, -2230)
ID: 503
(-380, -1550, -340, -1510)
ID: 504
(-380, -380, 155, -340)
ID: 505
(-380, 520, -340, 560)
ID: 506
(-380, 1330, -340, 1450)
ID: 507
(-380, 1310, -250, 2105)
ID: 508
(-350, -830, -310, -710)
ID: 509
(-350, -125, -310, -70)
ID: 510
(-350, 250, -310, 305)
ID: 511
(-350, 890, -310, 1010)
ID: 512
(-290, -1640, -250, -1600)
ID: 513
(-290, -1270, -250, -1150)
ID: 514
(-290, 1780, -250, 1820)
ID: 515
(-290, 2410, -250, 2465)
ID: 516
(-290, 2680, -250, 2720)
ID: 517
(-290, 3490, -250, 3610)
ID: 518
(-290, 3470, -160, 4265)
ID: 519
(-200, -4070, -160, -4015)
ID: 520
(-200, -3890, -160, -3850)
ID: 521
(-200, -3710, -160, -3670)
ID: 522
(-200, -3620, -25, -3580)
ID: 523
(-200, -3430, -160, -3310)
ID: 524
(-200, -2990, -160, -2870)
ID: 525
(-200, -2285, -160, -2230)
ID: 526
(-200, -1550, -160, -1510)
ID: 527
(-200, 1330, -160, 1450)
ID: 528
(-200, 1690, -160, 1730)
ID: 529
(-200, 2035, -160, 2090)
ID: 530
(-200, 3940, -160, 3980)
ID: 531
(-155, -1730, 20, -1690)
ID: 532
(-110, -3010, 20, -2215)
ID: 533
(-110, -1640, -70, -1600)
ID: 534
(-110, -1270, -70, -1150)
ID: 535
(-110, 250, -70, 305)
ID: 536
(-110, 430, -70, 470)
ID: 537
(-110, 610, -70, 650)
ID: 538
(-110, 700, -70, 740)
ID: 539
(-110, 890, -70, 1010)
ID: 540
(-110, 2410, -70, 2465)
ID: 541
(-110, 2770, 20, 2810)
ID: 542
(-110, 3050, -70, 3170)
ID: 543
(-110, 3490, -70, 3610)
ID: 544
(-110, 3670, -70, 3890)
ID: 545
(-110, 4195, -70, 4250)
ID: 546
(-20, -4070, 20, -4015)
ID: 547
(-20, -3710, 20, -3670)
ID: 548
(-20, -3430, 20, -3310)
ID: 549
(-20, 235, 110, 1030)
ID: 550
(-20, 1310, 20, 2105)
ID: 551
(70, -4085, 200, -3290)
ID: 552
(70, -3800, 110, -3760)
ID: 553
(70, -2990, 110, -2870)
ID: 554
(70, -3010, 200, -2215)
ID: 555
(70, -1270, 110, -1150)
ID: 556
(70, 520, 110, 560)
ID: 557
(70, 1330, 110, 1450)
ID: 558
(70, 1690, 290, 1730)
ID: 559
(70, 2035, 110, 2090)
ID: 560
(70, 2395, 200, 3190)
ID: 561
(70, 3050, 110, 3170)
ID: 562
(70, 3470, 380, 4265)
ID: 563
(160, -3430, 200, -3310)
ID: 564
(160, -2540, 200, -2500)
ID: 565
(160, -3010, 560, -2215)
ID: 566
(160, -1640, 200, -1600)
ID: 567
(160, 235, 330, 1030)
ID: 568
(160, 2680, 200, 2720)
ID: 569
(160, 3490, 200, 3610)
ID: 570
(160, 3850, 200, 3890)
ID: 571
(160, 4195, 200, 4250)
ID: 572
(210, 250, 250, 305)
ID: 573
(210, 890, 250, 1010)
ID: 574
(250, -2990, 290, -2870)
ID: 575
(250, -2630, 425, -2590)
ID: 576
(250, -2285, 290, -2230)
ID: 577
(250, -1550, 290, -1510)
ID: 578
(250, -1270, 290, -1150)
ID: 579
(250, -830, 290, -710)
ID: 580
(250, -560, 290, -520)
ID: 581
(250, -470, 290, -430)
ID: 582
(250, -290, 290, -250)
ID: 583
(250, -125, 290, -70)
ID: 584
(250, 700, 290, 740)
ID: 585
(250, 1330, 290, 1450)
ID: 586
(250, 2035, 290, 2090)
ID: 587
(250, 2410, 290, 2465)
ID: 588
(250, 2770, 290, 2810)
ID: 589
(250, 2395, 470, 3190)
ID: 590
(250, 3050, 290, 3170)
ID: 591
(295, -2540, 470, -2500)
ID: 592
(295, -1925, 470, -1130)
ID: 593
(340, -4070, 380, -4015)
ID: 594
(340, -3710, 380, -3670)
ID: 595
(340, -3430, 380, -3310)
ID: 596
(340, -850, 470, -55)
ID: 597
(340, 235, 420, 1030)
ID: 598
(340, 1310, 380, 2105)
ID: 599
(340, 3470, 470, 4265)
ID: 600
(340, 4195, 380, 4250)
ID: 601
(430, -3800, 470, -3760)
ID: 602
(430, -4085, 560, -3290)
ID: 603
(430, -2285, 470, -2230)
ID: 604
(430, -380, 470, -340)
ID: 605
(430, 520, 470, 560)
ID: 606
(460, 250, 500, 305)
ID: 607
(460, 890, 500, 1010)
ID: 608
(520, -3430, 560, -3310)
ID: 609
(520, -1910, 560, -1855)
ID: 610
(520, -1550, 695, -1510)
ID: 611
(520, -1270, 560, -1150)
ID: 612
(520, -850, 690, -55)
ID: 613
(520, 1330, 560, 1450)
ID: 614
(520, 1690, 560, 1730)
ID: 615
(520, 2035, 560, 2090)
ID: 616
(520, 2410, 560, 2465)
ID: 617
(520, 2770, 560, 2810)
ID: 618
(520, 3050, 560, 3170)
ID: 619
(520, 3490, 560, 3610)
ID: 620
(520, 3850, 560, 3890)
ID: 621
(520, 4195, 560, 4250)
ID: 622
(565, 2545, 830, 2585)
ID: 623
(570, -830, 610, -710)
ID: 624
(570, -125, 610, -70)
ID: 625
(610, -2990, 650, -2870)
ID: 626
(610, -2630, 785, -2590)
ID: 627
(610, -2285, 650, -2230)
ID: 628
(610, -560, 650, -520)
ID: 629
(610, 235, 650, 1030)
ID: 630
(610, 1310, 920, 2105)
ID: 631
(655, -2540, 830, -2500)
ID: 632
(670, -1910, 710, -1855)
ID: 633
(670, -1270, 710, -1150)
ID: 634
(700, -1640, 740, -1600)
ID: 635
(700, -850, 780, -55)
ID: 636
(700, 250, 1640, 1030)
ID: 637
(700, 2410, 740, 2465)
ID: 638
(700, 2770, 740, 2810)
ID: 639
(700, 3050, 740, 3170)
ID: 640
(700, 3490, 740, 3610)
ID: 641
(700, 3850, 740, 3890)
ID: 642
(700, 4195, 740, 4250)
ID: 643
(750, -1925, 830, -1130)
ID: 644
(790, -4085, 920, -3290)
ID: 645
(790, -3430, 830, -3310)
ID: 646
(790, -3010, 920, -2215)
ID: 647
(790, -2285, 830, -2230)
ID: 648
(790, -380, 830, -340)
ID: 649
(790, 250, 830, 305)
ID: 650
(790, 610, 830, 650)
ID: 651
(790, 1330, 830, 1450)
ID: 652
(790, 1690, 830, 1730)
ID: 653
(790, 2035, 830, 2090)
ID: 654
(790, 2680, 830, 2720)
ID: 655
(790, 2410, 1100, 3190)
ID: 656
(790, 3470, 830, 4265)
ID: 657
(820, -830, 860, -710)
ID: 658
(820, -125, 860, -70)
ID: 659
(835, -850, 1190, -55)
ID: 660
(840, -1925, 1010, -1130)
ID: 661
(880, -3800, 1055, -3760)
ID: 662
(880, -1460, 920, -1420)
ID: 663
(880, 520, 920, 560)
ID: 664
(880, 890, 920, 1010)
ID: 665
(880, 1310, 1280, 2105)
ID: 666
(880, 3050, 920, 3170)
ID: 667
(920, -1910, 960, -1855)
ID: 668
(920, -1270, 960, -1150)
ID: 669
(970, -4070, 1010, -4015)
ID: 670
(970, -3710, 1145, -3670)
ID: 671
(970, -3430, 1010, -3310)
ID: 672
(970, -2990, 1010, -2870)
ID: 673
(970, -2630, 1235, -2590)
ID: 674
(970, -2285, 1010, -2230)
ID: 675
(970, 610, 1010, 650)
ID: 676
(970, 1330, 1010, 1450)
ID: 677
(970, 2590, 1145, 2630)
ID: 678
(970, 3470, 1280, 4265)
ID: 679
(1015, -4085, 1370, -3290)
ID: 680
(1015, 430, 1370, 470)
ID: 681
(1060, -1925, 1190, -1130)
ID: 682
(1060, -1640, 1100, -1600)
ID: 683
(1060, -830, 1100, -710)
ID: 684
(1060, 520, 1100, 560)
ID: 685
(1060, 890, 1100, 1010)
ID: 686
(1060, 2680, 1235, 2720)
ID: 687
(1060, 3050, 1100, 3170)
ID: 688
(1060, 3490, 1100, 3610)
ID: 689
(1060, 3850, 1235, 3890)
ID: 690
(1060, 4195, 1100, 4250)
ID: 691
(1105, 3470, 1370, 4265)
ID: 692
(1150, -380, 1415, -340)
ID: 693
(1150, 610, 1190, 650)
ID: 694
(1150, 1330, 1190, 1450)
ID: 695
(1150, 1780, 1190, 1820)
ID: 696
(1150, 1310, 1460, 2090)
ID: 697
(1195, -3010, 1640, -2215)
ID: 698
(1240, -4070, 1280, -4015)
ID: 699
(1240, -3800, 1280, -3760)
ID: 700
(1240, -1910, 1280, -1855)
ID: 701
(1240, -1730, 1280, -1690)
ID: 702
(1240, -1550, 1280, -1510)
ID: 703
(1240, -1925, 1550, -1130)
ID: 704
(1240, -1270, 1280, -1150)
ID: 705
(1240, -830, 1280, -710)
ID: 706
(1240, -470, 1460, -430)
ID: 707
(1240, -125, 1280, -70)
ID: 708
(1240, 520, 1280, 560)
ID: 709
(1240, 890, 1280, 1010)
ID: 710
(1240, 1870, 1280, 1910)
ID: 711
(1240, 2410, 1280, 2465)
ID: 712
(1240, 2770, 1370, 2810)
ID: 713
(1240, 3050, 1280, 3170)
ID: 714
(1240, 4195, 1280, 4250)
ID: 715
(1285, -850, 1640, -55)
ID: 716
(1330, 1330, 1370, 1450)
ID: 717
(1330, 2680, 1370, 2720)
ID: 718
(1330, 2410, 1640, 3190)
ID: 719
(1420, -4070, 1460, -4015)
ID: 720
(1420, -3710, 1460, -3670)
ID: 721
(1420, -3430, 1460, -3310)
ID: 722
(1420, -2990, 1460, -2870)
ID: 723
(1420, -2630, 1595, -2590)
ID: 724
(1420, -2285, 1460, -2230)
ID: 725
(1420, -1270, 1460, -1150)
ID: 726
(1420, 890, 1460, 1010)
ID: 727
(1420, 1780, 1460, 1820)
ID: 728
(1420, 3050, 1460, 3170)
ID: 729
(1420, 3490, 1460, 3610)
ID: 730
(1420, 3850, 1595, 3890)
ID: 731
(1420, 3940, 1640, 3980)
ID: 732
(1420, 3470, 1730, 4265)
ID: 733
(1420, 4195, 1460, 4250)
ID: 734
(1465, -4085, 1640, -3290)
ID: 735
(1510, -1640, 1550, -1600)
ID: 736
(1510, -830, 1550, -710)
ID: 737
(1510, 520, 1550, 560)
ID: 738
(1510, 1330, 1550, 1450)
ID: 739
(1510, 1690, 1550, 1730)
ID: 740
(1510, 1825, 1685, 1865)
ID: 741
(1510, 2035, 1550, 2090)
ID: 742
(1510, 2590, 1550, 2630)
ID: 743
(1510, 2770, 1820, 2810)
ID: 744
(1555, 1310, 2090, 2090)
ID: 745
(1600, -3010, 1865, -2215)
ID: 746
(1600, -2285, 1640, -2230)
ID: 747
(1600, -1910, 1640, -1855)
ID: 748
(1600, -1550, 1640, -1510)
ID: 749
(1600, -1925, 1820, -1130)
ID: 750
(1600, -1270, 1640, -1150)
ID: 751
(1600, -560, 2000, -520)
ID: 752
(1600, -470, 1730, -430)
ID: 753
(1600, -380, 1775, -340)
ID: 754
(1600, 385, 1865, 425)
ID: 755
(1600, 610, 1640, 650)
ID: 756
(1600, 890, 1640, 1010)
ID: 757
(1600, 2680, 1775, 2720)
ID: 758
(1600, 3050, 1640, 3170)
ID: 759
(1600, 4195, 1640, 4250)
ID: 760
(1690, -4070, 1730, -4015)
ID: 761
(1690, -3710, 1730, -3670)
ID: 762
(1690, -4085, 2090, -3290)
ID: 763
(1690, -3430, 1730, -3310)
ID: 764
(1690, -830, 1730, -710)
ID: 765
(1690, -125, 1730, -70)
ID: 766
(1690, 1330, 1730, 1450)
ID: 767
(1690, 1690, 1730, 1730)
ID: 768
(1690, 2035, 1730, 2090)
ID: 769
(1735, 520, 1910, 560)
ID: 770
(1780, -2990, 1820, -2870)
ID: 771
(1780, -2630, 1820, -2590)
ID: 772
(1780, -2285, 1820, -2230)
ID: 773
(1780, 250, 2630, 1030)
ID: 774
(1780, 610, 1910, 650)
ID: 775
(1780, 1780, 1820, 1820)
ID: 776
(1780, 2410, 1820, 2465)
ID: 777
(1780, 3050, 1820, 3170)
ID: 778
(1780, 3490, 1820, 3610)
ID: 779
(1780, 3850, 1955, 3890)
ID: 780
(1780, 4195, 1820, 4250)
ID: 781
(1825, -3800, 2000, -3760)
ID: 782
(1870, -4070, 1910, -4015)
ID: 783
(1870, -3710, 2000, -3670)
ID: 784
(1870, -3430, 1910, -3310)
ID: 785
(1870, -1910, 1910, -1855)
ID: 786
(1870, -1640, 2000, -1600)
ID: 787
(1870, -1550, 1910, -1510)
ID: 788
(1870, -1270, 1910, -1150)
ID: 789
(1870, 890, 1910, 1010)
ID: 790
(1870, 1330, 1910, 1450)
ID: 791
(1870, 2680, 1910, 2720)
ID: 792
(1870, 2410, 2180, 3190)
ID: 793
(1960, -2990, 2000, -2870)
ID: 794
(1960, -2630, 2000, -2590)
ID: 795
(1960, -2405, 2090, -2365)
ID: 796
(1960, -2285, 2000, -2230)
ID: 797
(1960, -830, 2000, -710)
ID: 798
(1960, -470, 2000, -430)
ID: 799
(1960, -290, 2000, -250)
ID: 800
(1960, -125, 2000, -70)
ID: 801
(1960, 1870, 2225, 1910)
ID: 802
(1960, 3050, 2000, 3170)
ID: 803
(2050, -3430, 2090, -3310)
ID: 804
(2050, -3010, 2360, -2230)
ID: 805
(2050, -2540, 2090, -2500)
ID: 806
(2050, -1925, 2180, -1130)
ID: 807
(2050, -1270, 2090, -1150)
ID: 808
(2050, -850, 2180, -55)
ID: 809
(2050, 430, 2090, 470)
ID: 810
(2050, 890, 2090, 1010)
ID: 811
(2050, 1330, 2090, 1450)
ID: 812
(2050, 1780, 2090, 1820)
ID: 813
(2050, 2590, 2090, 2630)
ID: 814
(2050, 3490, 2090, 3610)
ID: 815
(2050, 3470, 2180, 4265)
ID: 816
(2140, -2990, 2180, -2870)
ID: 817
(2140, -1640, 2315, -1600)
ID: 818
(2140, -380, 2180, -340)
ID: 819
(2140, 520, 2180, 560)
ID: 820
(2140, 2680, 2315, 2720)
ID: 821
(2140, 3050, 2180, 3170)
ID: 822
(2140, 3940, 2315, 3980)
ID: 823
(2185, 1310, 2360, 2105)
ID: 824
(2185, 2770, 2360, 2810)
ID: 825
(2230, -4085, 2360, -3290)
ID: 826
(2230, -3430, 2270, -3310)
ID: 827
(2230, -3010, 2630, -2215)
ID: 828
(2230, -1910, 2270, -1855)
ID: 829
(2230, -1550, 2405, -1510)
ID: 830
(2230, -1270, 2270, -1150)
ID: 831
(2230, -850, 2400, -55)
ID: 832
(2230, 610, 2270, 650)
ID: 833
(2230, 890, 2270, 1010)
ID: 834
(2230, 3490, 2270, 3610)
ID: 835
(2230, 3850, 2270, 3890)
ID: 836
(2230, 4195, 2270, 4250)
ID: 837
(2280, -830, 2320, -710)
ID: 838
(2280, -125, 2320, -70)
ID: 839
(2320, -4085, 2720, -3290)
ID: 840
(2320, -3800, 2360, -3760)
ID: 841
(2320, -2990, 2360, -2870)
ID: 842
(2320, -2540, 2360, -2500)
ID: 843
(2320, -560, 2360, -520)
ID: 844
(2320, 520, 2360, 560)
ID: 845
(2320, 2410, 2360, 2465)
ID: 846
(2320, 3050, 2360, 3170)
ID: 847
(2365, 3940, 2540, 3980)
ID: 848
(2380, -1910, 2420, -1855)
ID: 849
(2380, -1270, 2420, -1150)
ID: 850
(2410, -4070, 2450, -4015)
ID: 851
(2410, -3710, 2450, -3670)
ID: 852
(2410, -3430, 2450, -3310)
ID: 853
(2410, -1640, 2450, -1600)
ID: 854
(2410, -850, 2490, -55)
ID: 855
(2410, 610, 2450, 650)
ID: 856
(2410, 890, 2450, 1010)
ID: 857
(2410, 1330, 2450, 1450)
ID: 858
(2410, 1690, 2765, 1730)
ID: 859
(2410, 2035, 2450, 2090)
ID: 860
(2410, 2395, 2630, 3190)
ID: 861
(2410, 3490, 2450, 3610)
ID: 862
(2410, 3850, 2540, 3890)
ID: 863
(2410, 4195, 2450, 4250)
ID: 864
(2460, -1925, 2540, -1130)
ID: 865
(2500, -2990, 2540, -2870)
ID: 866
(2500, -380, 2540, -340)
ID: 867
(2500, 520, 2540, 560)
ID: 868
(2500, 3470, 2900, 4265)
ID: 869
(2530, -830, 2570, -710)
ID: 870
(2530, -125, 2570, -70)
ID: 871
(2550, -1925, 2720, -1130)
ID: 872
(2590, -3430, 2630, -3310)
ID: 873
(2590, -2540, 2630, -2500)
ID: 874
(2590, -1460, 2630, -1420)
ID: 875
(2590, 250, 2630, 305)
ID: 876
(2590, 890, 2630, 1010)
ID: 877
(2590, 2410, 2810, 3190)
ID: 878
(2590, 3490, 2630, 3610)
ID: 879
(2630, -1910, 2670, -1855)
ID: 880
(2630, -1270, 2670, -1150)
ID: 881
(2680, -4085, 3260, -3290)
ID: 882
(2680, -2990, 2720, -2870)
ID: 883
(2680, -2630, 2720, -2590)
ID: 884
(2680, -2285, 2720, -2230)
ID: 885
(2680, 235, 2720, 1030)
ID: 886
(2680, 3050, 2720, 3170)
ID: 887
(2725, 3470, 3080, 4250)
ID: 888
(2770, -4070, 2810, -4015)
ID: 889
(2770, -3710, 2810, -3670)
ID: 890
(2770, -3430, 2810, -3310)
ID: 891
(2770, -1925, 2900, -1130)
ID: 892
(2770, -1640, 2810, -1600)
ID: 893
(2770, -830, 2810, -710)
ID: 894
(2770, -850, 2900, -55)
ID: 895
(2770, 2680, 2990, 2720)
ID: 896
(2770, 3490, 2810, 3610)
ID: 897
(2770, 3940, 2810, 3980)
ID: 898
(2860, -2990, 2900, -2870)
ID: 899
(2860, -3010, 3125, -2215)
ID: 900
(2860, -380, 2900, -340)
ID: 901
(2860, 235, 2900, 1030)
ID: 902
(2860, 2410, 2900, 2465)
ID: 903
(2860, 2770, 2900, 2810)
ID: 904
(2860, 3050, 2900, 3170)
ID: 905
(2950, -2540, 3170, -2500)
ID: 906
(2950, -1910, 2990, -1855)
ID: 907
(2950, -1730, 2990, -1690)
ID: 908
(2950, -1550, 2990, -1510)
ID: 909
(2950, -1460, 3125, -1420)
ID: 910
(2950, -1270, 2990, -1150)
ID: 911
(2950, -830, 2990, -710)
ID: 912
(2950, -470, 2990, -430)
ID: 913
(2950, -850, 3170, -55)
ID: 914
(2950, -125, 2990, -70)
ID: 915
(2950, 250, 2990, 305)
ID: 916
(2950, 610, 2990, 650)
ID: 917
(2950, 890, 2990, 1010)
ID: 918
(2950, 1330, 2990, 1450)
ID: 919
(2950, 1690, 2990, 1730)
ID: 920
(2950, 2035, 2990, 2090)
ID: 921
(2950, 3490, 2990, 3610)
ID: 922
(3040, -4070, 3080, -4015)
ID: 923
(3040, -3710, 3080, -3670)
ID: 924
(3040, -3430, 3080, -3310)
ID: 925
(3040, -2990, 3080, -2870)
ID: 926
(3040, -2630, 3080, -2590)
ID: 927
(3040, -2285, 3080, -2230)
ID: 928
(3040, 1310, 3530, 2105)
ID: 929
(3040, 1780, 3080, 1820)
ID: 930
(3040, 2395, 3080, 3190)
ID: 931
(3040, 3940, 3215, 3980)
ID: 932
(3130, -1910, 3170, -1855)
ID: 933
(3130, -1550, 3260, -1510)
ID: 934
(3130, -1270, 3170, -1150)
ID: 935
(3130, 250, 3170, 305)
ID: 936
(3130, 610, 3170, 650)
ID: 937
(3130, 890, 3170, 1010)
ID: 938
(3130, 1330, 3170, 1450)
ID: 939
(3130, 2410, 3170, 2465)
ID: 940
(3130, 2770, 3395, 2810)
ID: 941
(3130, 3050, 3170, 3170)
ID: 942
(3130, 3490, 3170, 3610)
ID: 943
(3130, 3470, 3440, 4265)
ID: 944
(3130, 4195, 3170, 4250)
ID: 945
(3175, 2680, 3440, 2720)
ID: 946
(3220, -4070, 3260, -4015)
ID: 947
(3220, -3800, 3260, -3760)
ID: 948
(3220, -3010, 3260, -2215)
ID: 949
(3220, -1640, 3260, -1600)
ID: 950
(3220, -1925, 3350, -1130)
ID: 951
(3220, -830, 3260, -710)
ID: 952
(3220, -470, 3440, -430)
ID: 953
(3220, -125, 3260, -70)
ID: 954
(3220, 235, 3350, 1030)
ID: 955
(3265, -380, 3440, -340)
ID: 956
(3265, 1310, 3710, 2090)
ID: 957
(3265, 2410, 3710, 3190)
ID: 958
(3310, -2990, 3350, -2870)
ID: 959
(3310, -2630, 3350, -2590)
ID: 960
(3310, -2285, 3350, -2230)
ID: 961
(3310, -1270, 3350, -1150)
ID: 962
(3310, 250, 3350, 305)
ID: 963
(3310, 235, 3800, 1030)
ID: 964
(3310, 3490, 3350, 3610)
ID: 965
(3355, -4085, 3620, -3290)
ID: 966
(3400, -4070, 3440, -4015)
ID: 967
(3400, -3710, 3440, -3670)
ID: 968
(3400, -3430, 3440, -3310)
ID: 969
(3400, -850, 3530, -55)
ID: 970
(3400, -125, 3440, -70)
ID: 971
(3400, 1330, 3440, 1450)
ID: 972
(3400, 1780, 3440, 1820)
ID: 973
(3400, 3050, 3440, 3170)
ID: 974
(3400, 3940, 3440, 3980)
ID: 975
(3445, -2540, 3620, -2500)
ID: 976
(3490, -3800, 3530, -3760)
ID: 977
(3490, -2990, 3530, -2870)
ID: 978
(3490, -2630, 3530, -2590)
ID: 979
(3490, -2285, 3530, -2230)
ID: 980
(3490, -1910, 3530, -1855)
ID: 981
(3490, -1550, 3530, -1510)
ID: 982
(3490, -1270, 3530, -1150)
ID: 983
(3490, 2590, 3530, 2630)
ID: 984
(3490, 3490, 3530, 3610)
ID: 985
(3490, 3850, 3530, 3890)
ID: 986
(3490, 4195, 3530, 4250)
ID: 987
(3580, -3430, 3620, -3310)
ID: 988
(3580, -3010, 3710, -2215)
ID: 989
(3580, -1925, 3620, -1130)
ID: 990
(3580, -830, 3620, -710)
ID: 991
(3580, -470, 3620, -430)
ID: 992
(3580, -125, 3620, -70)
ID: 993
(3580, 250, 3620, 305)
ID: 994
(3580, 610, 3755, 650)
ID: 995
(3580, 890, 3620, 1010)
ID: 996
(3580, 1330, 3620, 1450)
ID: 997
(3580, 3050, 3620, 3170)
ID: 998
(3625, -380, 3800, -340)
ID: 999
(3625, 235, 3890, 1030)
ID: 1000
(3670, -4085, 3980, -3290)
ID: 1001
(3670, -2990, 3710, -2870)
ID: 1002
(3670, 1310, 4070, 2105)
ID: 1003
(3670, 2395, 4070, 3190)
ID: 1004
(3670, 3490, 3710, 3610)
ID: 1005
(3670, 3850, 3710, 3890)
ID: 1006
(3670, 4195, 3710, 4250)
ID: 1007
(3715, -3800, 3890, -3760)
ID: 1008
(3715, -290, 3890, -250)
ID: 1009
(3760, -3010, 3890, -2215)
ID: 1010
(3760, -830, 3800, -710)
ID: 1011
(3760, -850, 4070, -70)
ID: 1012
(3760, 250, 3800, 305)
ID: 1013
(3760, 1330, 3800, 1450)
ID: 1014
(3760, 1690, 3800, 1730)
ID: 1015
(3760, 2035, 3800, 2090)
ID: 1016
(3760, 2410, 3800, 2465)
ID: 1017
(3760, 2770, 3800, 2810)
ID: 1018
(3760, 3050, 3800, 3170)
ID: 1019
(3760, 3470, 3890, 4265)
ID: 1020
(3760, 3940, 3800, 3980)
ID: 1021
(3850, -4070, 3890, -4015)
ID: 1022
(3850, 3490, 3890, 3610)
ID: 1023
(3940, -2990, 3980, -2870)
ID: 1024
(3940, -2630, 4115, -2590)
ID: 1025
(3940, -2285, 3980, -2230)
ID: 1026
(3940, -1925, 4070, -1130)
ID: 1027
(3940, -1270, 3980, -1150)
ID: 1028
(3940, -830, 3980, -710)
ID: 1029
(3940, 250, 3980, 305)
ID: 1030
(3940, 610, 3980, 650)
ID: 1031
(3940, 890, 3980, 1010)
ID: 1032
(3940, 1330, 3980, 1450)
ID: 1033
(3940, 3050, 3980, 3170)
ID: 1034
(3985, -2540, 4160, -2500)
ID: 1035
(4030, -4070, 4070, -4015)
ID: 1036
(4030, -3710, 4250, -3670)
ID: 1037
(4030, -3430, 4070, -3310)
ID: 1038
(4030, -1640, 4205, -1600)
ID: 1039
(4030, -380, 4070, -340)
ID: 1040
(4030, 1780, 4070, 1820)
ID: 1041
(4030, 2680, 4070, 2720)
ID: 1042
(4030, 3490, 4070, 3610)
ID: 1043
(4030, 3470, 4160, 4265)
ID: 1044
(4075, -1775, 4340, -1735)
ID: 1045
(4075, 2395, 4430, 3190)
ID: 1046
(4120, -2990, 4160, -2870)
ID: 1047
(4120, -3010, 4430, -2230)
ID: 1048
(4120, -1910, 4160, -1855)
ID: 1049
(4120, -1550, 4160, -1510)
ID: 1050
(4120, -1270, 4160, -1150)
ID: 1051
(4120, -830, 4160, -710)
ID: 1052
(4120, -850, 4430, -55)
ID: 1053
(4120, -125, 4160, -70)
ID: 1054
(4120, 235, 4250, 1030)
ID: 1055
(4120, 890, 4160, 1010)
ID: 1056
(4120, 1330, 4160, 1450)
ID: 1057
(4120, 1690, 4160, 1730)
ID: 1058
(4120, 2035, 4160, 2090)
ID: 1059
(4120, 2410, 4160, 2465)
ID: 1060
(4120, 2770, 4160, 2810)
ID: 1061
(4120, 3050, 4160, 3170)
ID: 1062
(4120, 3940, 4160, 3980)
ID: 1063
(4165, -4085, 4430, -3290)
ID: 1064
(4210, -2450, 4250, -2410)
ID: 1065
(4210, 520, 4385, 560)
ID: 1066
(4210, 3490, 4250, 3610)
ID: 1067
(4210, 3850, 4250, 3890)
ID: 1068
(4210, 4195, 4250, 4250)
ID: 1069
(4300, -3430, 4340, -3310)
ID: 1070
(4300, -2990, 4340, -2870)
ID: 1071
(4300, -1910, 4340, -1855)
ID: 1072
(4300, -1550, 4340, -1420)
ID: 1073
(4300, -1270, 4340, -1150)
ID: 1074
(4300, -830, 4340, -710)
ID: 1075
(4300, 250, 4340, 305)
ID: 1076
(4300, 610, 4475, 650)
ID: 1077
(4300, 890, 4340, 1010)
ID: 1078
(4300, 1330, 4340, 1450)
ID: 1079
(4300, 1310, 4430, 2105)
ID: 1080
(4300, 3050, 4340, 3170)
ID: 1081
(4390, -3800, 4430, -3760)
ID: 1082
(4390, -3710, 5645, -3625)
ID: 1083
(4390, -2540, 4430, -2500)
ID: 1084
(4390, -1925, 4520, -1130)
ID: 1085
(4390, -1640, 4430, -1600)
ID: 1086
(4390, -380, 4430, -340)
ID: 1087
(4390, 1780, 4565, 1820)
ID: 1088
(4390, 2680, 4745, 2720)
ID: 1089
(4390, 3470, 4430, 4265)
ID: 1090
(4480, -4070, 4520, -4015)
ID: 1091
(4480, -3430, 4520, -3310)
ID: 1092
(4480, -2990, 4520, -2870)
ID: 1093
(4480, -2630, 4520, -2590)
ID: 1094
(4480, -2285, 4520, -2230)
ID: 1095
(4480, -1270, 4520, -1150)
ID: 1096
(4480, -830, 4520, -710)
ID: 1097
(4480, -470, 4655, -430)
ID: 1098
(4480, -125, 4520, -70)
ID: 1099
(4480, 1330, 4520, 1450)
ID: 1100
(4480, 1690, 4655, 1730)
ID: 1101
(4480, 2035, 4520, 2090)
ID: 1102
(4480, 2410, 4520, 2465)
ID: 1103
(4480, 2770, 4655, 2810)
ID: 1104
(4480, 3050, 4520, 3170)
ID: 1105
(4480, 3490, 4520, 3610)
ID: 1106
(4480, 3715, 4655, 3755)
ID: 1107
(4480, 3850, 4655, 3890)
ID: 1108
(4480, 4195, 4520, 4250)
