ID: 0
(-8075, -5285, -6055, -5245)
ID: 1
(-8075, 5380, -5920, 5465)
ID: 2
(-7730, -4890, -7120, -4760)
ID: 3
(-7730, -4730, -7425, -4660)
ID: 4
(-7730, -2730, -7120, -2600)
ID: 5
(-7730, -2570, -7425, -2500)
ID: 6
(-7730, -570, -7120, -440)
ID: 7
(-7730, -410, -7425, -340)
ID: 8
(-7730, 1590, -7120, 1720)
ID: 9
(-7730, 1750, -7425, 1820)
ID: 10
(-7730, 3750, -7120, 3880)
ID: 11
(-7730, 3910, -7425, 3980)
ID: 12
(-7085, 2320, -5920, 2405)
ID: 13
(-7010, -5860, -6400, -5730)
ID: 14
(-7010, -3810, -6400, -3680)
ID: 15
(-7010, -3650, -6705, -3580)
ID: 16
(-7010, -1650, -6400, -1520)
ID: 17
(-7010, -1490, -6705, -1420)
ID: 18
(-7010, 510, -6400, 640)
ID: 19
(-7010, 670, -6705, 740)
ID: 20
(-7010, 2670, -6400, 2800)
ID: 21
(-7010, 2830, -6705, 2900)
ID: 22
(-7010, 4830, -6400, 4960)
ID: 23
(-7010, 4990, -6705, 5060)
ID: 24
(-6365, -4630, -5740, -3835)
ID: 25
(-6365, -2470, -5740, -1675)
ID: 26
(-6365, -1385, -5740, -590)
ID: 27
(-6365, -310, -5740, 485)
ID: 28
(-6365, 775, -5740, 1570)
ID: 29
(-6365, 1850, -5740, 2645)
ID: 30
(-6365, 4010, -5740, 4805)
ID: 31
(-6095, -5420, -5920, -5380)
ID: 32
(-5990, -5690, -5950, -5635)
ID: 33
(-5990, -5050, -5950, -4930)
ID: 34
(-5990, 5110, -5950, 5165)
ID: 35
(-5990, 5750, -5950, 5870)
ID: 36
(-5960, -4610, -5920, -4490)
ID: 37
(-5960, -4340, -5920, -4300)
ID: 38
(-5960, -4250, -5920, -4210)
ID: 39
(-5960, -4070, -5920, -4030)
ID: 40
(-5960, -3905, -5920, -3850)
ID: 41
(-5960, -3530, -5920, -3475)
ID: 42
(-5960, -3170, -5920, -3130)
ID: 43
(-5960, -2890, -5920, -2770)
ID: 44
(-5960, -2450, -5920, -2330)
ID: 45
(-5960, -2180, -5920, -2140)
ID: 46
(-5960, -2090, -5920, -2050)
ID: 47
(-5960, -1910, -5920, -1870)
ID: 48
(-5960, -1745, -5920, -1690)
ID: 49
(-5960, -1370, -5920, -1315)
ID: 50
(-5960, -1190, -5920, -1150)
ID: 51
(-5960, -1010, -5920, -970)
ID: 52
(-5960, -920, -5920, -880)
ID: 53
(-5960, -730, -5920, -610)
ID: 54
(-5960, -290, -5920, -170)
ID: 55
(-5960, -20, -5920, 20)
ID: 56
(-5960, 70, -5920, 110)
ID: 57
(-5960, 250, -5920, 290)
ID: 58
(-5960, 415, -5920, 470)
ID: 59
(-5960, 790, -5920, 845)
ID: 60
(-5960, 970, -5920, 1010)
ID: 61
(-5960, 1150, -5920, 1190)
ID: 62
(-5960, 1240, -5920, 1280)
ID: 63
(-5960, 1430, -5920, 1550)
ID: 64
(-5960, 1870, -5920, 1990)
ID: 65
(-5960, 2140, -5920, 2180)
ID: 66
(-5960, 2230, -5920, 2270)
ID: 67
(-5960, 2410, -5920, 2450)
ID: 68
(-5960, 2575, -5920, 2630)
ID: 69
(-5960, 2935, -5920, 3730)
ID: 70
(-5960, 4030, -5920, 4150)
ID: 71
(-5960, 4300, -5920, 4340)
ID: 72
(-5960, 4390, -5920, 4430)
ID: 73
(-5960, 4570, -5920, 4610)
ID: 74
(-5960, 4735, -5920, 4790)
ID: 75
(-5910, -5705, -5830, -4910)
ID: 76
(-5910, 5095, -5830, 5890)
ID: 77
(-5870, -3545, -5650, -2750)
ID: 78
(-5870, 2950, -5830, 3005)
ID: 79
(-5870, 3130, -5830, 3170)
ID: 80
(-5870, 2935, -5650, 3730)
ID: 81
(-5870, 3590, -5830, 3710)
ID: 82
(-5820, -5705, -5650, -4910)
ID: 83
(-5820, 5095, -5650, 5890)
ID: 84
(-5780, -5240, -5740, -5200)
ID: 85
(-5780, -4160, -5740, -4120)
ID: 86
(-5780, -2000, -5740, -1960)
ID: 87
(-5780, -1100, -5740, -1060)
ID: 88
(-5780, 160, -5740, 200)
ID: 89
(-5780, 1060, -5740, 1100)
ID: 90
(-5780, 2320, -5740, 2360)
ID: 91
(-5780, 4480, -5740, 4520)
ID: 92
(-5780, 5560, -5740, 5600)
ID: 93
(-5740, -5690, -5700, -5635)
ID: 94
(-5740, -5050, -5700, -4930)
ID: 95
(-5740, 5110, -5700, 5165)
ID: 96
(-5740, 5750, -5700, 5870)
ID: 97
(-5690, -4630, -5520, -3835)
ID: 98
(-5690, -3530, -5290, -2750)
ID: 99
(-5690, -2890, -5650, -2770)
ID: 100
(-5690, -2470, -5520, -1675)
ID: 101
(-5690, -1385, -5520, -590)
ID: 102
(-5690, -310, -5520, 485)
ID: 103
(-5690, 775, -5520, 1570)
ID: 104
(-5690, 1850, -5520, 2645)
ID: 105
(-5690, 3310, -5650, 3350)
ID: 106
(-5690, 3590, -5650, 3710)
ID: 107
(-5690, 4010, -5520, 4805)
ID: 108
(-5640, -4610, -5600, -4490)
ID: 109
(-5640, -3905, -5600, -3850)
ID: 110
(-5640, -2450, -5600, -2330)
ID: 111
(-5640, -1745, -5600, -1690)
ID: 112
(-5640, -1370, -5600, -1315)
ID: 113
(-5640, -730, -5600, -610)
ID: 114
(-5640, -290, -5600, -170)
ID: 115
(-5640, 415, -5600, 470)
ID: 116
(-5640, 790, -5600, 845)
ID: 117
(-5640, 1430, -5600, 1550)
ID: 118
(-5640, 1870, -5600, 1990)
ID: 119
(-5640, 2575, -5600, 2630)
ID: 120
(-5640, 4030, -5600, 4150)
ID: 121
(-5640, 4735, -5600, 4790)
ID: 122
(-5600, -5705, -5470, -4910)
ID: 123
(-5600, -5420, -5560, -5380)
ID: 124
(-5600, -4340, -5560, -4300)
ID: 125
(-5600, -3260, -5560, -3220)
ID: 126
(-5600, -2180, -5560, -2140)
ID: 127
(-5600, -920, -5560, -880)
ID: 128
(-5600, -20, -5560, 20)
ID: 129
(-5600, 1240, -5560, 1280)
ID: 130
(-5600, 2140, -5560, 2180)
ID: 131
(-5600, 4300, -5560, 4340)
ID: 132
(-5600, 5095, -5470, 5890)
ID: 133
(-5600, 5380, -5560, 5420)
ID: 134
(-5510, -4630, -5430, -3835)
ID: 135
(-5510, -2890, -5470, -2770)
ID: 136
(-5510, -2470, -5430, -1675)
ID: 137
(-5510, -1385, -5430, -590)
ID: 138
(-5510, -310, -5430, 485)
ID: 139
(-5510, 775, -5430, 1570)
ID: 140
(-5510, 1850, -5430, 2645)
ID: 141
(-5510, 2935, -5470, 3730)
ID: 142
(-5510, 4010, -5430, 4805)
ID: 143
(-5420, -5690, -5380, -5635)
ID: 144
(-5420, -5510, -5380, -5470)
ID: 145
(-5420, -5330, -5380, -5290)
ID: 146
(-5420, -5240, -5245, -5200)
ID: 147
(-5420, -5050, -5380, -4930)
ID: 148
(-5420, -4160, -5380, -4120)
ID: 149
(-5420, -3350, -5380, -3310)
ID: 150
(-5420, -2000, -5380, -1960)
ID: 151
(-5420, -1100, -5380, -1060)
ID: 152
(-5420, 160, -5380, 200)
ID: 153
(-5420, 1060, -5380, 1100)
ID: 154
(-5420, 2320, -5155, 2360)
ID: 155
(-5420, 2950, -5380, 3005)
ID: 156
(-5420, 3130, -5380, 3170)
ID: 157
(-5420, 2935, -5200, 3730)
ID: 158
(-5420, 3590, -5380, 3710)
ID: 159
(-5420, 4480, -5245, 4520)
ID: 160
(-5420, 5110, -5380, 5165)
ID: 161
(-5420, 5290, -5380, 5330)
ID: 162
(-5420, 5470, -5380, 5510)
ID: 163
(-5420, 5560, -5245, 5600)
ID: 164
(-5420, 5750, -5380, 5870)
ID: 165
(-5390, -4610, -5350, -4490)
ID: 166
(-5390, -3905, -5350, -3850)
ID: 167
(-5390, -2450, -5350, -2330)
ID: 168
(-5390, -1745, -5350, -1690)
ID: 169
(-5390, -1370, -5350, -1315)
ID: 170
(-5390, -730, -5350, -610)
ID: 171
(-5390, -290, -5350, -170)
ID: 172
(-5390, 415, -5350, 470)
ID: 173
(-5390, 790, -5350, 845)
ID: 174
(-5390, 1430, -5350, 1550)
ID: 175
(-5390, 1870, -5350, 1990)
ID: 176
(-5390, 2575, -5350, 2630)
ID: 177
(-5390, 4030, -5350, 4150)
ID: 178
(-5390, 4735, -5350, 4790)
ID: 179
(-5375, -2470, -5200, -1675)
ID: 180
(-5375, -310, -5200, 485)
ID: 181
(-5375, 775, -5200, 1570)
ID: 182
(-5330, -3530, -5290, -3475)
ID: 183
(-5330, -3260, -5290, -3220)
ID: 184
(-5330, -2890, -5290, -2770)
ID: 185
(-5285, -4630, -5110, -3835)
ID: 186
(-5285, 4010, -5110, 4805)
ID: 187
(-5240, -3545, -5200, -2750)
ID: 188
(-5240, -1370, -5200, -1315)
ID: 189
(-5240, -1010, -5200, -970)
ID: 190
(-5240, -730, -5200, -610)
ID: 191
(-5240, 3310, -5200, 3350)
ID: 192
(-5240, 3590, -5200, 3710)
ID: 193
(-5150, -3545, -5020, -2750)
ID: 194
(-5150, -2450, -5110, -2330)
ID: 195
(-5150, -2470, -4930, -1675)
ID: 196
(-5150, -1910, -5110, -1870)
ID: 197
(-5150, -1745, -5110, -1690)
ID: 198
(-5150, -1385, -4975, -590)
ID: 199
(-5150, -290, -5110, -170)
ID: 200
(-5150, -310, -4930, 485)
ID: 201
(-5150, 250, -5110, 290)
ID: 202
(-5150, 415, -5110, 470)
ID: 203
(-5150, 790, -5110, 845)
ID: 204
(-5150, 970, -5110, 1010)
ID: 205
(-5150, 775, -4930, 1570)
ID: 206
(-5150, 1430, -5110, 1550)
ID: 207
(-5090, 2950, -5050, 3005)
ID: 208
(-5090, 3590, -5050, 3710)
ID: 209
(-5060, -4610, -5020, -4490)
ID: 210
(-5060, -4630, -4840, -3835)
ID: 211
(-5060, -4070, -5020, -4030)
ID: 212
(-5060, -3905, -5020, -3850)
ID: 213
(-5060, 1870, -5020, 1990)
ID: 214
(-5060, 2140, -5020, 2180)
ID: 215
(-5060, 2230, -5020, 2270)
ID: 216
(-5060, 2410, -5020, 2450)
ID: 217
(-5060, 2575, -5020, 2630)
ID: 218
(-5060, 3220, -5020, 3260)
ID: 219
(-5060, 4030, -5020, 4150)
ID: 220
(-5060, 4010, -4840, 4805)
ID: 221
(-5060, 4570, -5020, 4610)
ID: 222
(-5060, 4735, -5020, 4790)
ID: 223
(-5010, 2935, -4930, 3730)
ID: 224
(-4970, -5705, -4750, -4910)
ID: 225
(-4970, -5330, -4930, -5290)
ID: 226
(-4970, -5050, -4930, -4930)
ID: 227
(-4970, -3530, -4930, -3475)
ID: 228
(-4970, -3170, -4930, -3130)
ID: 229
(-4970, -2890, -4930, -2770)
ID: 230
(-4970, -2450, -4930, -2330)
ID: 231
(-4970, -2090, -4930, -2050)
ID: 232
(-4970, -1370, -4570, -590)
ID: 233
(-4970, -1010, -4930, -970)
ID: 234
(-4970, -730, -4930, -610)
ID: 235
(-4970, -290, -4930, -170)
ID: 236
(-4970, 70, -4930, 110)
ID: 237
(-4970, 1150, -4930, 1190)
ID: 238
(-4970, 1430, -4930, 1550)
ID: 239
(-4970, 1850, -4840, 2645)
ID: 240
(-4925, -3545, -4750, -2750)
ID: 241
(-4920, 2935, -4750, 3730)
ID: 242
(-4910, 5110, -4870, 5165)
ID: 243
(-4910, 5750, -4870, 5870)
ID: 244
(-4880, -4610, -4840, -4490)
ID: 245
(-4880, -4250, -4840, -4210)
ID: 246
(-4880, -1100, -4840, -1060)
ID: 247
(-4880, 2320, -4840, 2360)
ID: 248
(-4880, 3400, -4840, 3440)
ID: 249
(-4880, 4030, -4840, 4150)
ID: 250
(-4880, 4390, -4705, 4430)
ID: 251
(-4880, 5380, -4840, 5420)
ID: 252
(-4840, 2950, -4800, 3005)
ID: 253
(-4840, 3590, -4800, 3710)
ID: 254
(-4830, 5095, -4750, 5890)
ID: 255
(-4820, 790, -4780, 845)
ID: 256
(-4820, 1430, -4780, 1550)
ID: 257
(-4790, -5690, -4750, -5635)
ID: 258
(-4790, -5510, -4750, -5470)
ID: 259
(-4790, -5050, -4750, -4930)
ID: 260
(-4790, -2470, -4750, -1675)
ID: 261
(-4790, -730, -4750, -610)
ID: 262
(-4790, 1060, -4750, 1100)
ID: 263
(-4790, 1850, -4620, 2645)
ID: 264
(-4740, 775, -4660, 1570)
ID: 265
(-4740, 1870, -4700, 1990)
ID: 266
(-4740, 2575, -4700, 2630)
ID: 267
(-4740, 5095, -4570, 5890)
ID: 268
(-4700, -5705, -4390, -4910)
ID: 269
(-4700, -3530, -4660, -3475)
ID: 270
(-4700, -3170, -4660, -3130)
ID: 271
(-4700, -2890, -4660, -2770)
ID: 272
(-4700, -2450, -4660, -2330)
ID: 273
(-4700, -2090, -4660, -2050)
ID: 274
(-4700, -1745, -4660, -1690)
ID: 275
(-4700, -1190, -4660, -1150)
ID: 276
(-4700, -290, -4660, -170)
ID: 277
(-4700, 70, -4660, 110)
ID: 278
(-4700, 415, -4660, 470)
ID: 279
(-4700, 2140, -4660, 2180)
ID: 280
(-4700, 2935, -4570, 3730)
ID: 281
(-4700, 3220, -4660, 3260)
ID: 282
(-4700, 5560, -4660, 5600)
ID: 283
(-4660, 5110, -4620, 5165)
ID: 284
(-4660, 5750, -4620, 5870)
ID: 285
(-4650, 775, -4480, 1570)
ID: 286
(-4640, 4030, -4600, 4150)
ID: 287
(-4640, 4735, -4600, 4790)
ID: 288
(-4610, -4610, -4570, -4490)
ID: 289
(-4610, -4250, -4570, -4210)
ID: 290
(-4610, -3905, -4570, -3850)
ID: 291
(-4610, -1370, -4570, -1315)
ID: 292
(-4610, -1100, -4570, -1060)
ID: 293
(-4610, -730, -4570, -610)
ID: 294
(-4610, -310, -4480, 485)
ID: 295
(-4610, 1240, -4570, 1280)
ID: 296
(-4610, 1850, -4530, 2645)
ID: 297
(-4610, 4480, -4570, 4520)
ID: 298
(-4570, 790, -4530, 845)
ID: 299
(-4570, 1430, -4530, 1550)
ID: 300
(-4565, -5705, -4210, -4910)
ID: 301
(-4560, 4010, -4480, 4805)
ID: 302
(-4520, -4630, -4345, -3835)
ID: 303
(-4520, -3530, -4480, -3475)
ID: 304
(-4520, -3170, -4480, -3130)
ID: 305
(-4520, -2890, -4480, -2770)
ID: 306
(-4520, -2470, -4480, -1675)
ID: 307
(-4520, -1385, -4390, -590)
ID: 308
(-4520, 2320, -4345, 2360)
ID: 309
(-4520, 2950, -4480, 3005)
ID: 310
(-4520, 3130, -4480, 3170)
ID: 311
(-4520, 3310, -4480, 3350)
ID: 312
(-4520, 3400, -4345, 3440)
ID: 313
(-4520, 3590, -4480, 3710)
ID: 314
(-4520, 5095, -4390, 5890)
ID: 315
(-4520, 5380, -4480, 5420)
ID: 316
(-4490, 1870, -4450, 1990)
ID: 317
(-4490, 2575, -4450, 2630)
ID: 318
(-4470, 4010, -4300, 4805)
ID: 319
(-4430, -5690, -4390, -5635)
ID: 320
(-4430, -5510, -4390, -5470)
ID: 321
(-4430, -5330, -4390, -5290)
ID: 322
(-4430, -5050, -4390, -4930)
ID: 323
(-4430, -3545, -4210, -2750)
ID: 324
(-4430, -2450, -4390, -2330)
ID: 325
(-4430, -2090, -4390, -2050)
ID: 326
(-4430, -1745, -4390, -1690)
ID: 327
(-4430, -310, -4255, 485)
ID: 328
(-4430, 775, -4300, 1570)
ID: 329
(-4430, 1060, -4390, 1100)
ID: 330
(-4430, 4300, -4390, 4340)
ID: 331
(-4390, 4030, -4350, 4150)
ID: 332
(-4390, 4735, -4350, 4790)
ID: 333
(-4385, -4250, -4210, -4210)
ID: 334
(-4385, -2470, -4210, -1675)
ID: 335
(-4370, 2950, -4330, 3005)
ID: 336
(-4370, 3590, -4330, 3710)
ID: 337
(-4340, -1385, -4120, -590)
ID: 338
(-4340, -1010, -4300, -970)
ID: 339
(-4340, -730, -4300, -610)
ID: 340
(-4340, -310, -3850, 470)
ID: 341
(-4340, 70, -4300, 110)
ID: 342
(-4340, 160, -4210, 200)
ID: 343
(-4340, 415, -4300, 470)
ID: 344
(-4340, 3220, -4300, 3260)
ID: 345
(-4340, 5110, -4300, 5165)
ID: 346
(-4340, 5290, -4300, 5330)
ID: 347
(-4340, 5470, -4300, 5510)
ID: 348
(-4340, 5560, -3985, 5600)
ID: 349
(-4340, 5750, -4300, 5870)
ID: 350
(-4290, 2935, -4210, 3730)
ID: 351
(-4250, -5420, -4210, -5380)
ID: 352
(-4250, -4610, -4210, -4490)
ID: 353
(-4250, -4630, -4030, -3835)
ID: 354
(-4250, -3530, -3850, -2750)
ID: 355
(-4250, -2890, -4210, -2770)
ID: 356
(-4250, -290, -4210, -170)
ID: 357
(-4250, 790, -4210, 845)
ID: 358
(-4250, 970, -4210, 1010)
ID: 359
(-4250, 1150, -4210, 1190)
ID: 360
(-4250, 1240, -4210, 1280)
ID: 361
(-4250, 1430, -4210, 1550)
ID: 362
(-4250, 1870, -4210, 1990)
ID: 363
(-4250, 2230, -4210, 2270)
ID: 364
(-4250, 1850, -4030, 2645)
ID: 365
(-4250, 4010, -4120, 4805)
ID: 366
(-4250, 4480, -4210, 4520)
ID: 367
(-4200, 2935, -4030, 3730)
ID: 368
(-4160, -5705, -3990, -4910)
ID: 369
(-4160, -3260, -4120, -3220)
ID: 370
(-4160, -2470, -3670, -1690)
ID: 371
(-4160, -2090, -3985, -2050)
ID: 372
(-4160, -2000, -4030, -1960)
ID: 373
(-4160, -1745, -4120, -1690)
ID: 374
(-4160, -1370, -4120, -1315)
ID: 375
(-4160, -1190, -4120, -1150)
ID: 376
(-4160, -730, -4120, -610)
ID: 377
(-4160, 250, -4120, 290)
ID: 378
(-4160, 3400, -4120, 3440)
ID: 379
(-4120, 2950, -4080, 3005)
ID: 380
(-4120, 3590, -4080, 3710)
ID: 381
(-4115, -1910, -3940, -1870)
ID: 382
(-4110, -5690, -4070, -5635)
ID: 383
(-4110, -5050, -4070, -4930)
ID: 384
(-4100, 790, -4060, 845)
ID: 385
(-4100, 1430, -4060, 1550)
ID: 386
(-4070, -5240, -4030, -5200)
ID: 387
(-4070, -4610, -4030, -4490)
ID: 388
(-4070, -4070, -4030, -4030)
ID: 389
(-4070, -3905, -4030, -3850)
ID: 390
(-4070, -2890, -4030, -2770)
ID: 391
(-4070, -2450, -4030, -2330)
ID: 392
(-4070, -1385, -4030, -590)
ID: 393
(-4070, -290, -4030, -170)
ID: 394
(-4070, 1060, -4030, 1100)
ID: 395
(-4070, 1870, -4030, 1990)
ID: 396
(-4070, 2410, -4030, 2450)
ID: 397
(-4070, 2575, -4030, 2630)
ID: 398
(-4070, 4030, -4030, 4150)
ID: 399
(-4070, 4300, -4030, 4340)
ID: 400
(-4070, 4390, -4030, 4430)
ID: 401
(-4070, 4570, -4030, 4610)
ID: 402
(-4070, 4735, -4030, 4790)
ID: 403
(-4020, 775, -3940, 1570)
ID: 404
(-4010, 5110, -3970, 5165)
ID: 405
(-4010, 5750, -3970, 5870)
ID: 406
(-3980, -5705, -3900, -4910)
ID: 407
(-3980, -4630, -3850, -3835)
ID: 408
(-3980, -3350, -3940, -3310)
ID: 409
(-3980, 160, -3940, 200)
ID: 410
(-3980, 1850, -3760, 2645)
ID: 411
(-3980, 2935, -3850, 3730)
ID: 412
(-3980, 3220, -3940, 3260)
ID: 413
(-3980, 5380, -3940, 5420)
ID: 414
(-3935, 4480, -3670, 4520)
ID: 415
(-3930, 775, -3760, 1570)
ID: 416
(-3930, 5095, -3850, 5890)
ID: 417
(-3890, -5420, -3850, -5380)
ID: 418
(-3890, -3530, -3850, -3475)
ID: 419
(-3890, -3260, -3850, -3220)
ID: 420
(-3890, -2890, -3850, -2770)
ID: 421
(-3890, -2450, -3850, -2330)
ID: 422
(-3890, -1385, -3850, -590)
ID: 423
(-3890, -290, -3850, -170)
ID: 424
(-3890, 70, -3850, 110)
ID: 425
(-3890, 1240, -3850, 1280)
ID: 426
(-3860, -5690, -3820, -5635)
ID: 427
(-3860, -5050, -3820, -4930)
ID: 428
(-3850, 790, -3810, 845)
ID: 429
(-3850, 1430, -3810, 1550)
ID: 430
(-3845, -5330, -3670, -5290)
ID: 431
(-3840, 5095, -3670, 5890)
ID: 432
(-3800, -4630, -3760, -3835)
ID: 433
(-3800, -3545, -3760, -2750)
ID: 434
(-3800, -2000, -3625, -1960)
ID: 435
(-3800, -1370, -3760, -1315)
ID: 436
(-3800, -1010, -3760, -970)
ID: 437
(-3800, -730, -3760, -610)
ID: 438
(-3800, 1870, -3760, 1990)
ID: 439
(-3800, 2230, -3760, 2270)
ID: 440
(-3800, 2410, -3760, 2450)
ID: 441
(-3800, 2575, -3760, 2630)
ID: 442
(-3800, 2950, -3760, 3005)
ID: 443
(-3800, 3130, -3760, 3170)
ID: 444
(-3800, 3310, -3760, 3350)
ID: 445
(-3800, 3400, -3760, 3440)
ID: 446
(-3800, 3590, -3760, 3710)
ID: 447
(-3800, 5560, -3760, 5600)
ID: 448
(-3760, 5110, -3720, 5165)
ID: 449
(-3760, 5750, -3720, 5870)
ID: 450
(-3755, -2470, -3490, -1675)
ID: 451
(-3740, 4030, -3700, 4150)
ID: 452
(-3740, 4735, -3700, 4790)
ID: 453
(-3710, -5705, -3490, -4910)
ID: 454
(-3710, -5050, -3670, -4930)
ID: 455
(-3710, -4610, -3670, -4490)
ID: 456
(-3710, -4630, -3490, -3835)
ID: 457
(-3710, -4070, -3670, -4030)
ID: 458
(-3710, -3905, -3670, -3850)
ID: 459
(-3710, -3545, -3580, -2750)
ID: 460
(-3710, -2450, -3670, -2330)
ID: 461
(-3710, -2090, -3670, -2050)
ID: 462
(-3710, -310, -3670, 485)
ID: 463
(-3710, 775, -3580, 1570)
ID: 464
(-3710, 1060, -3670, 1100)
ID: 465
(-3710, 1850, -3580, 2645)
ID: 466
(-3665, 3310, -3490, 3350)
ID: 467
(-3660, 4010, -3580, 4805)
ID: 468
(-3620, -1370, -3580, -1315)
ID: 469
(-3620, -1010, -3580, -970)
ID: 470
(-3620, -730, -3580, -610)
ID: 471
(-3620, -290, -3580, -170)
ID: 472
(-3620, -310, -3400, 485)
ID: 473
(-3620, 250, -3580, 290)
ID: 474
(-3620, 415, -3580, 470)
ID: 475
(-3620, 2320, -3580, 2360)
ID: 476
(-3620, 5095, -3490, 5890)
ID: 477
(-3620, 5380, -3580, 5420)
ID: 478
(-3570, 4010, -3400, 4805)
ID: 479
(-3530, -5690, -3490, -5635)
ID: 480
(-3530, -5510, -3490, -5470)
ID: 481
(-3530, -5050, -3490, -4930)
ID: 482
(-3530, -4610, -3490, -4490)
ID: 483
(-3530, -4250, -3310, -4210)
ID: 484
(-3530, -3530, -3490, -3475)
ID: 485
(-3530, -3170, -3355, -2995)
ID: 486
(-3530, -2890, -3490, -2770)
ID: 487
(-3530, -1385, -3220, -590)
ID: 488
(-3530, 790, -3490, 845)
ID: 489
(-3530, 970, -3490, 1010)
ID: 490
(-3530, 1150, -3490, 1190)
ID: 491
(-3530, 1240, -3490, 1280)
ID: 492
(-3530, 1430, -3490, 1550)
ID: 493
(-3530, 1850, -3360, 2645)
ID: 494
(-3530, 2935, -3310, 3730)
ID: 495
(-3530, 3590, -3490, 3710)
ID: 496
(-3530, 4300, -3490, 4340)
ID: 497
(-3490, 4030, -3450, 4150)
ID: 498
(-3490, 4735, -3450, 4790)
ID: 499
(-3480, 1870, -3440, 1990)
ID: 500
(-3480, 2575, -3440, 2630)
ID: 501
(-3440, -5705, -3220, -4910)
ID: 502
(-3440, -2450, -3400, -2330)
ID: 503
(-3440, -2090, -3400, -2050)
ID: 504
(-3440, -1745, -3400, -1690)
ID: 505
(-3440, -290, -3400, -170)
ID: 506
(-3440, 70, -3400, 110)
ID: 507
(-3440, 2140, -3400, 2180)
ID: 508
(-3440, 3130, -3310, 3170)
ID: 509
(-3440, 5110, -3400, 5165)
ID: 510
(-3440, 5290, -3400, 5330)
ID: 511
(-3440, 5470, -3400, 5510)
ID: 512
(-3440, 5560, -3400, 5600)
ID: 513
(-3440, 5750, -3400, 5870)
ID: 514
(-3395, -2470, -3220, -1675)
ID: 515
(-3395, 1060, -3220, 1100)
ID: 516
(-3350, -4610, -3310, -4490)
ID: 517
(-3350, -3905, -3310, -3850)
ID: 518
(-3350, -3530, -3310, -3475)
ID: 519
(-3350, -3170, -3310, -3130)
ID: 520
(-3350, -2890, -3310, -2770)
ID: 521
(-3350, -1370, -2860, -590)
ID: 522
(-3350, -1010, -3310, -970)
ID: 523
(-3350, -730, -3310, -610)
ID: 524
(-3350, 1850, -3270, 2645)
ID: 525
(-3350, 2950, -3310, 3005)
ID: 526
(-3350, 3590, -3310, 3710)
ID: 527
(-3350, 4010, -2860, 4805)
ID: 528
(-3350, 4480, -3310, 4520)
ID: 529
(-3290, 790, -3250, 845)
ID: 530
(-3290, 1430, -3250, 1550)
ID: 531
(-3260, -5690, -3220, -5635)
ID: 532
(-3260, -5510, -3220, -5470)
ID: 533
(-3260, -5330, -3220, -5290)
ID: 534
(-3260, -5050, -3220, -4930)
ID: 535
(-3260, -4630, -3130, -3835)
ID: 536
(-3260, -3545, -3220, -2750)
ID: 537
(-3260, -290, -3220, -170)
ID: 538
(-3260, 70, -3220, 110)
ID: 539
(-3260, 415, -3220, 470)
ID: 540
(-3260, 2320, -3220, 2360)
ID: 541
(-3260, 2935, -3220, 3730)
ID: 542
(-3230, 1870, -3190, 1990)
ID: 543
(-3230, 2575, -3190, 2630)
ID: 544
(-3215, 1850, -2950, 2645)
ID: 545
(-3210, 775, -3130, 1570)
ID: 546
(-3170, -5705, -3040, -4910)
ID: 547
(-3170, -2450, -3130, -2330)
ID: 548
(-3170, -2090, -3130, -2050)
ID: 549
(-3170, -1745, -3130, -1690)
ID: 550
(-3170, -730, -3130, -610)
ID: 551
(-3170, -310, -3130, 485)
ID: 552
(-3170, 4030, -3130, 4150)
ID: 553
(-3170, 4300, -2995, 4340)
ID: 554
(-3170, 4390, -3130, 4430)
ID: 555
(-3170, 4570, -3130, 4610)
ID: 556
(-3170, 4735, -3130, 4790)
ID: 557
(-3170, 5110, -3130, 5165)
ID: 558
(-3170, 5290, -3130, 5330)
ID: 559
(-3170, 5470, -3130, 5510)
ID: 560
(-3170, 5560, -3130, 5600)
ID: 561
(-3170, 5750, -3130, 5870)
ID: 562
(-3125, -3260, -2860, -3220)
ID: 563
(-3125, -3080, -2950, -3040)
ID: 564
(-3120, 775, -2950, 1570)
ID: 565
(-3080, -5420, -3040, -5380)
ID: 566
(-3080, -4630, -3040, -3835)
ID: 567
(-3080, -3530, -3040, -3475)
ID: 568
(-3080, -3170, -2905, -3130)
ID: 569
(-3080, -3545, -2680, -2750)
ID: 570
(-3080, -1190, -3040, -1150)
ID: 571
(-3080, 1240, -3040, 1280)
ID: 572
(-3080, 2935, -2860, 3730)
ID: 573
(-3080, 3310, -3040, 3350)
ID: 574
(-3080, 3590, -3040, 3710)
ID: 575
(-3080, 5095, -2950, 5890)
ID: 576
(-3040, 790, -3000, 845)
ID: 577
(-3040, 1430, -3000, 1550)
ID: 578
(-2990, -5705, -2820, -4910)
ID: 579
(-2990, -4630, -2500, -3850)
ID: 580
(-2990, -4250, -2770, -4210)
ID: 581
(-2990, -4160, -2860, -4120)
ID: 582
(-2990, -3905, -2950, -3850)
ID: 583
(-2990, -2470, -2950, -1675)
ID: 584
(-2990, -1100, -2950, -1060)
ID: 585
(-2990, -730, -2950, -610)
ID: 586
(-2990, -310, -2950, 485)
ID: 587
(-2990, 5380, -2950, 5420)
ID: 588
(-2940, -5690, -2900, -5635)
ID: 589
(-2940, -5050, -2900, -4930)
ID: 590
(-2930, 4030, -2890, 4150)
ID: 591
(-2930, 4735, -2890, 4790)
ID: 592
(-2900, -5240, -2860, -5200)
ID: 593
(-2900, -4610, -2860, -4490)
ID: 594
(-2900, -3530, -2860, -3475)
ID: 595
(-2900, -2450, -2860, -2330)
ID: 596
(-2900, -2090, -2860, -2050)
ID: 597
(-2900, -1745, -2860, -1690)
ID: 598
(-2900, -1370, -2860, -1315)
ID: 599
(-2900, -1010, -2860, -970)
ID: 600
(-2900, -310, -2410, 470)
ID: 601
(-2900, 70, -2860, 110)
ID: 602
(-2900, 415, -2860, 470)
ID: 603
(-2900, 775, -2500, 1570)
ID: 604
(-2900, 1060, -2860, 1100)
ID: 605
(-2900, 1870, -2860, 1990)
ID: 606
(-2900, 1850, -2680, 2645)
ID: 607
(-2900, 2410, -2860, 2450)
ID: 608
(-2900, 2575, -2860, 2630)
ID: 609
(-2900, 2950, -2860, 3005)
ID: 610
(-2900, 3130, -2860, 3170)
ID: 611
(-2900, 3590, -2860, 3710)
ID: 612
(-2900, 5095, -2730, 5890)
ID: 613
(-2855, 250, -2680, 290)
ID: 614
(-2850, 4010, -2770, 4805)
ID: 615
(-2850, 5110, -2810, 5165)
ID: 616
(-2850, 5750, -2810, 5870)
ID: 617
(-2810, -5705, -2730, -4910)
ID: 618
(-2810, -4070, -2770, -4030)
ID: 619
(-2810, -1385, -2770, -590)
ID: 620
(-2810, -290, -2770, -170)
ID: 621
(-2810, 160, -2770, 200)
ID: 622
(-2810, 2935, -2635, 3730)
ID: 623
(-2810, 5560, -2770, 5600)
ID: 624
(-2760, 4010, -2590, 4805)
ID: 625
(-2750, -2450, -2710, -2330)
ID: 626
(-2750, -1745, -2710, -1690)
ID: 627
(-2720, -5420, -2680, -5380)
ID: 628
(-2720, -4610, -2680, -4490)
ID: 629
(-2720, -3530, -2680, -3475)
ID: 630
(-2720, -3260, -2680, -3220)
ID: 631
(-2720, -2890, -2680, -2770)
ID: 632
(-2720, -2000, -2680, -1960)
ID: 633
(-2720, 790, -2680, 845)
ID: 634
(-2720, 970, -2680, 1010)
ID: 635
(-2720, 1150, -2680, 1190)
ID: 636
(-2720, 1240, -2545, 1280)
ID: 637
(-2720, 1430, -2680, 1550)
ID: 638
(-2720, 1870, -2680, 1990)
ID: 639
(-2720, 2230, -2680, 2270)
ID: 640
(-2720, 4300, -2680, 4340)
ID: 641
(-2720, 5095, -2640, 5890)
ID: 642
(-2690, -5690, -2650, -5635)
ID: 643
(-2690, -5050, -2650, -4930)
ID: 644
(-2680, 4030, -2640, 4150)
ID: 645
(-2680, 4735, -2640, 4790)
ID: 646
(-2675, 2935, -2320, 3730)
ID: 647
(-2670, -2470, -2590, -1675)
ID: 648
(-2630, -4630, -2320, -3835)
ID: 649
(-2630, -3545, -2590, -2750)
ID: 650
(-2630, -1385, -2590, -590)
ID: 651
(-2630, -290, -2590, -170)
ID: 652
(-2630, 5380, -2590, 5420)
ID: 653
(-2600, 5110, -2560, 5165)
ID: 654
(-2600, 5750, -2560, 5870)
ID: 655
(-2580, -2470, -2410, -1675)
ID: 656
(-2570, 790, -2530, 845)
ID: 657
(-2570, 1430, -2530, 1550)
ID: 658
(-2540, -5690, -2500, -5635)
ID: 659
(-2540, -5510, -2500, -5470)
ID: 660
(-2540, -5330, -2500, -5290)
ID: 661
(-2540, -5240, -2500, -5200)
ID: 662
(-2540, -5050, -2500, -4930)
ID: 663
(-2540, -4610, -2500, -4490)
ID: 664
(-2540, -4250, -2500, -4210)
ID: 665
(-2540, -2180, -2500, -2140)
ID: 666
(-2540, -1370, -2500, -1315)
ID: 667
(-2540, -1100, -2500, -1060)
ID: 668
(-2540, -1385, -2140, -590)
ID: 669
(-2540, -730, -2500, -610)
ID: 670
(-2540, -310, -2230, 485)
ID: 671
(-2540, 2950, -2500, 3005)
ID: 672
(-2540, 3130, -2500, 3170)
ID: 673
(-2540, 3310, -2500, 3350)
ID: 674
(-2540, 3400, -2500, 3440)
ID: 675
(-2540, 3590, -2500, 3710)
ID: 676
(-2540, 4010, -2410, 4805)
ID: 677
(-2540, 4480, -2500, 4520)
ID: 678
(-2500, -2450, -2460, -2330)
ID: 679
(-2500, -1745, -2460, -1690)
ID: 680
(-2495, 5380, -2320, 5420)
ID: 681
(-2490, 775, -2410, 1570)
ID: 682
(-2450, -5705, -2320, -4910)
ID: 683
(-2450, -3530, -2410, -3475)
ID: 684
(-2450, -3170, -2410, -3130)
ID: 685
(-2450, -2890, -2410, -2770)
ID: 686
(-2450, -290, -2410, -170)
ID: 687
(-2450, 70, -2410, 110)
ID: 688
(-2400, 775, -2230, 1570)
ID: 689
(-2390, 5110, -2350, 5165)
ID: 690
(-2390, 5750, -2350, 5870)
ID: 691
(-2360, -5420, -2320, -5380)
ID: 692
(-2360, -3545, -2140, -2750)
ID: 693
(-2360, -2470, -2005, -1675)
ID: 694
(-2360, -2000, -2320, -1960)
ID: 695
(-2360, -1370, -2320, -1315)
ID: 696
(-2360, -1100, -2095, -1060)
ID: 697
(-2360, 1240, -2320, 1280)
ID: 698
(-2360, 3220, -2320, 3260)
ID: 699
(-2360, 4030, -2320, 4150)
ID: 700
(-2360, 4300, -2320, 4340)
ID: 701
(-2360, 4390, -2320, 4430)
ID: 702
(-2360, 4570, -2320, 4610)
ID: 703
(-2360, 4735, -2320, 4790)
ID: 704
(-2320, 790, -2280, 845)
ID: 705
(-2320, 1430, -2280, 1550)
ID: 706
(-2315, -1010, -2140, -970)
ID: 707
(-2310, 5095, -2230, 5890)
ID: 708
(-2270, -5705, -2100, -4910)
ID: 709
(-2270, -4610, -2230, -4490)
ID: 710
(-2270, -4250, -2230, -4210)
ID: 711
(-2270, -3905, -2230, -3850)
ID: 712
(-2270, -920, -2230, -880)
ID: 713
(-2270, 2935, -2100, 3730)
ID: 714
(-2225, -3260, -2050, -3220)
ID: 715
(-2220, -5690, -2180, -5635)
ID: 716
(-2220, -5050, -2180, -4930)
ID: 717
(-2220, 2950, -2180, 3005)
ID: 718
(-2220, 3590, -2180, 3710)
ID: 719
(-2220, 5095, -2050, 5890)
ID: 720
(-2180, -5240, -2140, -5200)
ID: 721
(-2180, -3530, -1780, -2750)
ID: 722
(-2180, -2890, -2140, -2770)
ID: 723
(-2180, -2450, -2140, -2330)
ID: 724
(-2180, -2180, -1915, -2140)
ID: 725
(-2180, -2090, -2140, -2050)
ID: 726
(-2180, -1910, -2140, -1870)
ID: 727
(-2180, -1745, -2140, -1690)
ID: 728
(-2180, -1370, -2140, -1315)
ID: 729
(-2180, -290, -2140, -170)
ID: 730
(-2180, 70, -2140, 110)
ID: 731
(-2180, 415, -2140, 470)
ID: 732
(-2180, 775, -2050, 1570)
ID: 733
(-2180, 1060, -2140, 1100)
ID: 734
(-2180, 3400, -2140, 3440)
ID: 735
(-2180, 5560, -2140, 5600)
ID: 736
(-2140, 5110, -2100, 5165)
ID: 737
(-2140, 5750, -2100, 5870)
ID: 738
(-2135, -1235, -1960, -970)
ID: 739
(-2090, -5705, -2010, -4910)
ID: 740
(-2090, -4630, -2050, -3835)
ID: 741
(-2090, 1870, -2050, 1990)
ID: 742
(-2090, 2140, -2050, 2180)
ID: 743
(-2090, 2230, -2050, 2270)
ID: 744
(-2090, 2410, -2050, 2450)
ID: 745
(-2090, 2575, -2050, 2630)
ID: 746
(-2090, 2935, -2010, 3730)
ID: 747
(-2045, -1385, -1870, -590)
ID: 748
(-2000, -5420, -1960, -5380)
ID: 749
(-2000, -4610, -1960, -4490)
ID: 750
(-2000, -4630, -1780, -3835)
ID: 751
(-2000, -4070, -1960, -4030)
ID: 752
(-2000, -3905, -1960, -3850)
ID: 753
(-2000, -2890, -1960, -2770)
ID: 754
(-2000, -1370, -1960, -1315)
ID: 755
(-2000, -730, -1960, -610)
ID: 756
(-2000, -290, -1960, -170)
ID: 757
(-2000, -20, -1960, 20)
ID: 758
(-2000, 70, -1960, 110)
ID: 759
(-2000, 250, -1960, 290)
ID: 760
(-2000, 415, -1960, 470)
ID: 761
(-2000, 790, -1960, 845)
ID: 762
(-2000, 970, -1960, 1010)
ID: 763
(-2000, 1150, -1960, 1190)
ID: 764
(-2000, 1240, -1960, 1280)
ID: 765
(-2000, 1430, -1960, 1550)
ID: 766
(-2000, 1850, -1870, 2645)
ID: 767
(-2000, 3220, -1960, 3260)
ID: 768
(-2000, 5095, -1870, 5890)
ID: 769
(-2000, 5380, -1960, 5420)
ID: 770
(-1970, -5690, -1930, -5635)
ID: 771
(-1970, -5050, -1930, -4930)
ID: 772
(-1970, 2950, -1930, 3005)
ID: 773
(-1970, 3590, -1930, 3710)
ID: 774
(-1955, -5330, -1780, -5290)
ID: 775
(-1955, -1955, -1780, -1915)
ID: 776
(-1955, 4480, -1600, 4520)
ID: 777
(-1910, -3350, -1870, -3310)
ID: 778
(-1910, -310, -1780, 485)
ID: 779
(-1910, 2320, -1870, 2360)
ID: 780
(-1850, 2950, -1810, 3005)
ID: 781
(-1850, 3590, -1810, 3710)
ID: 782
(-1820, -5705, -1600, -4910)
ID: 783
(-1820, -5050, -1780, -4930)
ID: 784
(-1820, -4610, -1780, -4490)
ID: 785
(-1820, -4250, -1780, -4210)
ID: 786
(-1820, -3530, -1780, -3475)
ID: 787
(-1820, -3260, -1780, -3220)
ID: 788
(-1820, -2890, -1780, -2770)
ID: 789
(-1820, -2450, -1780, -2330)
ID: 790
(-1820, -2090, -1780, -2050)
ID: 791
(-1820, -1745, -1780, -1690)
ID: 792
(-1820, 160, -1780, 200)
ID: 793
(-1820, 790, -1780, 845)
ID: 794
(-1820, 1150, -1780, 1190)
ID: 795
(-1820, 1430, -1780, 1550)
ID: 796
(-1820, 1850, -1650, 2645)
ID: 797
(-1820, 3220, -1780, 3260)
ID: 798
(-1820, 5110, -1780, 5165)
ID: 799
(-1820, 5290, -1780, 5330)
ID: 800
(-1820, 5470, -1780, 5510)
ID: 801
(-1820, 5560, -1780, 5600)
ID: 802
(-1820, 5750, -1780, 5870)
ID: 803
(-1770, 1870, -1730, 1990)
ID: 804
(-1770, 2575, -1730, 2630)
ID: 805
(-1770, 2935, -1690, 3730)
ID: 806
(-1730, -3545, -1690, -2750)
ID: 807
(-1730, -2470, -1555, -1675)
ID: 808
(-1730, -1385, -1690, -590)
ID: 809
(-1730, -310, -1560, 485)
ID: 810
(-1730, 775, -1690, 1570)
ID: 811
(-1730, 2140, -1690, 2180)
ID: 812
(-1685, -4250, -1510, -4210)
ID: 813
(-1680, -290, -1640, -170)
ID: 814
(-1680, 415, -1640, 470)
ID: 815
(-1680, 2935, -1510, 3730)
ID: 816
(-1670, 4030, -1630, 4150)
ID: 817
(-1670, 4735, -1630, 4790)
ID: 818
(-1640, -5690, -1600, -5635)
ID: 819
(-1640, -5510, -1600, -5470)
ID: 820
(-1640, -5050, -1600, -4930)
ID: 821
(-1640, -1370, -1600, -1315)
ID: 822
(-1640, -1100, -1600, -1060)
ID: 823
(-1640, -1370, -1240, -590)
ID: 824
(-1640, -730, -1600, -610)
ID: 825
(-1640, -20, -1600, 20)
ID: 826
(-1640, 1850, -1560, 2645)
ID: 827
(-1640, 3400, -1600, 3440)
ID: 828
(-1600, 2950, -1560, 3005)
ID: 829
(-1600, 3590, -1560, 3710)
ID: 830
(-1590, 4010, -1510, 4805)
ID: 831
(-1550, -5705, -1330, -4910)
ID: 832
(-1550, -4610, -1510, -4490)
ID: 833
(-1550, -3905, -1510, -3850)
ID: 834
(-1550, -3545, -1510, -2750)
ID: 835
(-1550, -1190, -1510, -1150)
ID: 836
(-1550, -310, -1470, 485)
ID: 837
(-1550, 790, -1510, 845)
ID: 838
(-1550, 970, -1510, 1010)
ID: 839
(-1550, 1150, -1510, 1190)
ID: 840
(-1550, 1240, -1510, 1280)
ID: 841
(-1550, 1430, -1510, 1550)
ID: 842
(-1550, 2320, -1510, 2360)
ID: 843
(-1520, 1870, -1480, 1990)
ID: 844
(-1520, 2575, -1480, 2630)
ID: 845
(-1505, 1850, -1240, 2645)
ID: 846
(-1500, 4010, -1330, 4805)
ID: 847
(-1460, -4630, -1330, -3835)
ID: 848
(-1460, -3530, -1420, -3475)
ID: 849
(-1460, -3170, -1420, -3130)
ID: 850
(-1460, -2890, -1420, -2770)
ID: 851
(-1460, -2450, -1420, -2330)
ID: 852
(-1460, -2090, -1420, -2050)
ID: 853
(-1460, -1745, -1420, -1690)
ID: 854
(-1460, -730, -1420, -610)
ID: 855
(-1460, 160, -1420, 200)
ID: 856
(-1460, 775, -1330, 1570)
ID: 857
(-1460, 2935, -1330, 3730)
ID: 858
(-1460, 3220, -1420, 3260)
ID: 859
(-1460, 4300, -1420, 4340)
ID: 860
(-1460, 5110, -1420, 5165)
ID: 861
(-1460, 5290, -1420, 5330)
ID: 862
(-1460, 5470, -1420, 5510)
ID: 863
(-1460, 5560, -1420, 5600)
ID: 864
(-1460, 5750, -1420, 5870)
ID: 865
(-1430, -290, -1390, -170)
ID: 866
(-1430, 415, -1390, 470)
ID: 867
(-1420, 4030, -1380, 4150)
ID: 868
(-1420, 4735, -1380, 4790)
ID: 869
(-1370, -5690, -1330, -5635)
ID: 870
(-1370, -5510, -1330, -5470)
ID: 871
(-1370, -5330, -1330, -5290)
ID: 872
(-1370, -5050, -1330, -4930)
ID: 873
(-1370, -2470, -1330, -1675)
ID: 874
(-1370, -1235, -1240, -1195)
ID: 875
(-1370, -1100, -1330, -1060)
ID: 876
(-1370, 1060, -1330, 1100)
ID: 877
(-1370, 5095, -1240, 5890)
ID: 878
(-1310, -290, -1270, -170)
ID: 879
(-1310, 415, -1270, 470)
ID: 880
(-1280, -5705, -1150, -4910)
ID: 881
(-1280, -4630, -1240, -3835)
ID: 882
(-1280, -3530, -1240, -3475)
ID: 883
(-1280, -3170, -1240, -3130)
ID: 884
(-1280, -2890, -1240, -2770)
ID: 885
(-1280, -2090, -1150, -2050)
ID: 886
(-1280, -1010, -1240, -970)
ID: 887
(-1280, -730, -1240, -610)
ID: 888
(-1280, 160, -1240, 200)
ID: 889
(-1280, 775, -1110, 1570)
ID: 890
(-1280, 2950, -1240, 3005)
ID: 891
(-1280, 3130, -1240, 3170)
ID: 892
(-1280, 3310, -1240, 3350)
ID: 893
(-1280, 3400, -1240, 3440)
ID: 894
(-1280, 3590, -1240, 3710)
ID: 895
(-1280, 4010, -790, 4805)
ID: 896
(-1280, 4480, -1240, 4520)
ID: 897
(-1280, 5380, -1240, 5420)
ID: 898
(-1230, -310, -1150, 485)
ID: 899
(-1230, 790, -1190, 845)
ID: 900
(-1230, 1430, -1190, 1550)
ID: 901
(-1190, -5420, -1150, -5380)
ID: 902
(-1190, -4630, -700, -3850)
ID: 903
(-1190, -4250, -1015, -4210)
ID: 904
(-1190, -4160, -1060, -4120)
ID: 905
(-1190, -3905, -1150, -3850)
ID: 906
(-1190, -3545, -880, -2750)
ID: 907
(-1190, -2450, -1150, -2330)
ID: 908
(-1190, -1745, -1150, -1690)
ID: 909
(-1190, 1240, -1150, 1280)
ID: 910
(-1190, 1870, -1150, 1990)
ID: 911
(-1190, 1850, -970, 2645)
ID: 912
(-1190, 2410, -1150, 2450)
ID: 913
(-1190, 2575, -1150, 2630)
ID: 914
(-1190, 5095, -1020, 5890)
ID: 915
(-1145, -4070, -970, -4030)
ID: 916
(-1145, 6145, -745, 6185)
ID: 917
(-1140, -310, -970, 485)
ID: 918
(-1140, 5110, -1100, 5165)
ID: 919
(-1140, 5750, -1100, 5870)
ID: 920
(-1100, -5705, -930, -4910)
ID: 921
(-1100, -4610, -1060, -4490)
ID: 922
(-1100, -2470, -1060, -1675)
ID: 923
(-1100, -1370, -700, -590)
ID: 924
(-1100, -1100, -970, -1060)
ID: 925
(-1100, -1010, -1060, -970)
ID: 926
(-1100, -730, -1060, -610)
ID: 927
(-1100, -20, -1060, 20)
ID: 928
(-1100, 775, -1020, 1570)
ID: 929
(-1100, 4030, -1060, 4150)
ID: 930
(-1100, 4300, -1060, 4340)
ID: 931
(-1100, 4390, -1060, 4430)
ID: 932
(-1100, 4570, -1060, 4610)
ID: 933
(-1100, 4735, -1060, 4790)
ID: 934
(-1100, 5560, -1060, 5600)
ID: 935
(-1060, -290, -1020, -170)
ID: 936
(-1060, 415, -1020, 470)
ID: 937
(-1050, -5690, -1010, -5635)
ID: 938
(-1050, -5050, -1010, -4930)
ID: 939
(-1010, -5240, -970, -5200)
ID: 940
(-1010, -3530, -610, -2750)
ID: 941
(-1010, -3170, -970, -3130)
ID: 942
(-1010, -2890, -970, -2770)
ID: 943
(-1010, 775, -610, 1570)
ID: 944
(-1010, 1870, -970, 1990)
ID: 945
(-1010, 2230, -835, 2270)
ID: 946
(-1010, 5095, -930, 5890)
ID: 947
(-980, 790, -940, 845)
ID: 948
(-980, 1430, -940, 1550)
ID: 949
(-965, 1240, -790, 1280)
ID: 950
(-920, -5705, -840, -4910)
ID: 951
(-920, -4610, -880, -4490)
ID: 952
(-920, -2450, -880, -2330)
ID: 953
(-920, -2090, -880, -2050)
ID: 954
(-920, -1745, -880, -1690)
ID: 955
(-920, -730, -880, -610)
ID: 956
(-920, -310, -790, 485)
ID: 957
(-920, 160, -880, 200)
ID: 958
(-920, 5380, -745, 5420)
ID: 959
(-890, 5110, -850, 5165)
ID: 960
(-890, 5750, -850, 5870)
ID: 961
(-875, 1850, -340, 2645)
ID: 962
(-875, 5095, -610, 5890)
ID: 963
(-860, 4030, -820, 4150)
ID: 964
(-860, 4735, -820, 4790)
ID: 965
(-830, -5420, -655, -5380)
ID: 966
(-830, -4160, -790, -4120)
ID: 967
(-830, -2890, -790, -2770)
ID: 968
(-830, -2470, -790, -1675)
ID: 969
(-830, -1190, -790, -1150)
ID: 970
(-830, 790, -790, 845)
ID: 971
(-830, 970, -790, 1010)
ID: 972
(-830, 1150, -790, 1190)
ID: 973
(-830, 1430, -790, 1550)
ID: 974
(-800, -5690, -760, -5635)
ID: 975
(-800, -5050, -760, -4930)
ID: 976
(-780, 4010, -700, 4805)
ID: 977
(-740, -4610, -700, -4490)
ID: 978
(-740, -4250, -700, -4210)
ID: 979
(-740, -4630, -520, -3835)
ID: 980
(-740, -3350, -700, -3310)
ID: 981
(-740, -1370, -700, -1315)
ID: 982
(-740, -1100, -700, -1060)
ID: 983
(-740, -730, -700, -610)
ID: 984
(-740, -290, -700, -170)
ID: 985
(-740, -20, -475, 20)
ID: 986
(-740, 70, -700, 110)
ID: 987
(-740, 250, -700, 290)
ID: 988
(-740, 415, -700, 470)
ID: 989
(-690, 4010, -520, 4805)
ID: 990
(-680, 2950, -640, 3005)
ID: 991
(-680, 3590, -640, 3710)
ID: 992
(-650, -3530, -610, -3475)
ID: 993
(-650, -3260, -610, -3220)
ID: 994
(-650, -2890, -610, -2770)
ID: 995
(-650, -2450, -610, -2330)
ID: 996
(-650, -2090, -610, -2050)
ID: 997
(-650, -1745, -610, -1690)
ID: 998
(-650, -1385, -610, -590)
ID: 999
(-650, 1060, -610, 1100)
ID: 1000
(-650, 3220, -610, 3260)
ID: 1001
(-650, 4300, -610, 4340)
ID: 1002
(-610, 4030, -570, 4150)
ID: 1003
(-610, 4735, -570, 4790)
ID: 1004
(-605, 160, -430, 200)
ID: 1005
(-600, 2935, -520, 3730)
ID: 1006
(-560, -5690, -520, -5635)
ID: 1007
(-560, -5510, -520, -5470)
ID: 1008
(-560, -5330, -520, -5290)
ID: 1009
(-560, -5240, -520, -5200)
ID: 1010
(-560, -5050, -520, -4930)
ID: 1011
(-560, -3545, -520, -2750)
ID: 1012
(-560, -2470, -520, -1675)
ID: 1013
(-560, -1145, -430, -1105)
ID: 1014
(-560, 775, -390, 1570)
ID: 1015
(-560, 1870, -520, 1990)
ID: 1016
(-560, 2140, -520, 2180)
ID: 1017
(-560, 2230, -520, 2270)
ID: 1018
(-560, 2410, -520, 2450)
ID: 1019
(-560, 2575, -520, 2630)
ID: 1020
(-560, 5110, -520, 5165)
ID: 1021
(-560, 5290, -520, 5330)
ID: 1022
(-560, 5095, -340, 5890)
ID: 1023
(-560, 5750, -520, 5870)
ID: 1024
(-510, 790, -470, 845)
ID: 1025
(-510, 1430, -470, 1550)
ID: 1026
(-510, 2935, -340, 3730)
ID: 1027
(-500, -290, -460, -170)
ID: 1028
(-500, 415, -460, 470)
ID: 1029
(-470, -5705, -340, -4910)
ID: 1030
(-470, -4610, -430, -4490)
ID: 1031
(-470, -4250, -430, -4210)
ID: 1032
(-470, -3905, -430, -3850)
ID: 1033
(-470, -3545, -340, -2750)
ID: 1034
(-470, -1370, -70, -590)
ID: 1035
(-470, -1010, -430, -970)
ID: 1036
(-470, -730, -430, -610)
ID: 1037
(-470, 1240, -430, 1280)
ID: 1038
(-470, 3400, -430, 3440)
ID: 1039
(-470, 4010, 155, 4805)
ID: 1040
(-470, 4480, -430, 4520)
ID: 1041
(-430, 2950, -390, 3005)
ID: 1042
(-430, 3590, -390, 3710)
ID: 1043
(-420, -310, -340, 485)
ID: 1044
(-380, -5420, -340, -5380)
ID: 1045
(-380, -2470, -340, -1675)
ID: 1046
(-380, -1100, -340, -1060)
ID: 1047
(-380, 775, -300, 1570)
ID: 1048
(-380, 2320, -340, 2360)
ID: 1049
(-380, 5470, -340, 5510)
ID: 1050
(-380, 5750, -340, 5870)
ID: 1051
(-330, -310, -160, 485)
ID: 1052
(-290, -5705, -120, -4910)
ID: 1053
(-290, -4630, -250, -3835)
ID: 1054
(-290, -3530, -250, -3475)
ID: 1055
(-290, -3170, -250, -3130)
ID: 1056
(-290, -2890, -250, -2770)
ID: 1057
(-290, -2450, -250, -2330)
ID: 1058
(-290, -2090, -250, -2050)
ID: 1059
(-290, -1745, -250, -1690)
ID: 1060
(-290, -730, -250, -610)
ID: 1061
(-290, -20, -250, 20)
ID: 1062
(-290, 1060, -250, 1100)
ID: 1063
(-290, 1850, -120, 2645)
ID: 1064
(-290, 2935, -160, 3730)
ID: 1065
(-290, 3220, -250, 3260)
ID: 1066
(-290, 4030, -250, 4150)
ID: 1067
(-290, 4300, -250, 4340)
ID: 1068
(-290, 4390, -250, 4430)
ID: 1069
(-290, 4570, -250, 4610)
ID: 1070
(-290, 4735, -250, 4790)
ID: 1071
(-260, 790, -220, 845)
ID: 1072
(-260, 1430, -220, 1550)
ID: 1073
(-250, -290, -210, -170)
ID: 1074
(-250, 415, -210, 470)
ID: 1075
(-245, -3545, 20, -2750)
ID: 1076
(-245, 775, 110, 1570)
ID: 1077
(-245, 5560, 380, 5600)
ID: 1078
(-240, -5690, -200, -5635)
ID: 1079
(-240, -5050, -200, -4930)
ID: 1080
(-240, 1870, -200, 1990)
ID: 1081
(-240, 2575, -200, 2630)
ID: 1082
(-200, -5240, -160, -5200)
ID: 1083
(-200, -4610, -160, -4490)
ID: 1084
(-200, -4630, 20, -3835)
ID: 1085
(-200, -4070, -160, -4030)
ID: 1086
(-200, -3905, -160, -3850)
ID: 1087
(-200, -2470, 20, -1675)
ID: 1088
(-200, -1190, -160, -1150)
ID: 1089
(-200, 2140, -160, 2180)
ID: 1090
(-110, -5705, -30, -4910)
ID: 1091
(-110, -1370, -70, -1315)
ID: 1092
(-110, -1100, -70, -1060)
ID: 1093
(-110, -730, -70, -610)
ID: 1094
(-110, -310, 20, 485)
ID: 1095
(-110, 160, -70, 200)
ID: 1096
(-110, 1850, -30, 2645)
ID: 1097
(-110, 2950, -70, 3005)
ID: 1098
(-110, 3130, -70, 3170)
ID: 1099
(-110, 3310, -70, 3350)
ID: 1100
(-110, 3400, -70, 3440)
ID: 1101
(-110, 3590, -70, 3710)
ID: 1102
(-20, -5420, 20, -5380)
ID: 1103
(-20, -4610, 20, -4490)
ID: 1104
(-20, -4250, 155, -4210)
ID: 1105
(-20, -1385, 20, -590)
ID: 1106
(-20, 2320, 335, 2360)
ID: 1107
(10, -5690, 50, -5635)
ID: 1108
(10, -5050, 50, -4930)
ID: 1109
(10, 1870, 50, 1990)
ID: 1110
(10, 2575, 50, 2630)
ID: 1111
(25, -5240, 200, -5200)
ID: 1112
(70, -3530, 110, -3475)
ID: 1113
(70, -3170, 335, -3130)
ID: 1114
(70, -2890, 110, -2770)
ID: 1115
(70, -2450, 110, -2330)
ID: 1116
(70, -2090, 110, -2050)
ID: 1117
(70, -1745, 110, -1690)
ID: 1118
(70, -290, 110, -170)
ID: 1119
(70, -20, 245, 20)
ID: 1120
(70, 70, 110, 110)
ID: 1121
(70, 250, 110, 290)
ID: 1122
(70, 415, 110, 470)
ID: 1123
(160, -5690, 200, -5635)
ID: 1124
(160, -5510, 200, -5470)
ID: 1125
(160, -5330, 200, -5290)
ID: 1126
(160, -5050, 200, -4930)
ID: 1127
(160, 790, 200, 845)
ID: 1128
(160, 970, 200, 1010)
ID: 1129
(160, 775, 380, 1570)
ID: 1130
(160, 1430, 200, 1550)
ID: 1131
(205, -310, 650, 485)
ID: 1132
(205, 3220, 380, 3260)
ID: 1133
(205, 5095, 560, 5890)
ID: 1134
(220, -4610, 260, -4490)
ID: 1135
(220, -3905, 260, -3850)
ID: 1136
(250, -5705, 380, -4910)
ID: 1137
(250, -4160, 290, -4120)
ID: 1138
(300, -4630, 380, -3835)
ID: 1139
(310, -3530, 350, -3475)
ID: 1140
(310, -2890, 350, -2770)
ID: 1141
(310, -1370, 350, -1315)
ID: 1142
(310, -730, 350, -610)
ID: 1143
(310, 2950, 350, 3005)
ID: 1144
(310, 3590, 350, 3710)
ID: 1145
(340, -5420, 380, -5380)
ID: 1146
(340, -3260, 380, -3220)
ID: 1147
(340, -1100, 380, -1060)
ID: 1148
(340, 1150, 380, 1190)
ID: 1149
(340, 1430, 380, 1550)
ID: 1150
(340, 5110, 380, 5165)
ID: 1151
(340, 5290, 380, 5330)
ID: 1152
(340, 5470, 380, 5510)
ID: 1153
(340, 5750, 380, 5870)
ID: 1154
(385, -2470, 650, -1675)
ID: 1155
(390, -4630, 560, -3835)
ID: 1156
(390, -3545, 470, -2750)
ID: 1157
(390, -1385, 470, -590)
ID: 1158
(390, 2935, 470, 3730)
ID: 1159
(400, 1870, 440, 1990)
ID: 1160
(400, 2575, 440, 2630)
ID: 1161
(400, 4030, 440, 4150)
ID: 1162
(400, 4735, 440, 4790)
ID: 1163
(430, -5705, 600, -4910)
ID: 1164
(430, -4340, 470, -4300)
ID: 1165
(430, -2450, 470, -2330)
ID: 1166
(430, -2180, 470, -2140)
ID: 1167
(430, -2090, 470, -2050)
ID: 1168
(430, -1910, 470, -1870)
ID: 1169
(430, -1745, 470, -1690)
ID: 1170
(430, -290, 470, -170)
ID: 1171
(430, -20, 470, 20)
ID: 1172
(430, 70, 470, 110)
ID: 1173
(430, 250, 470, 290)
ID: 1174
(430, 415, 470, 470)
ID: 1175
(430, 2320, 470, 2360)
ID: 1176
(430, 4480, 470, 4520)
ID: 1177
(470, -4610, 510, -4490)
ID: 1178
(470, -3905, 510, -3850)
ID: 1179
(480, -5690, 520, -5635)
ID: 1180
(480, -5050, 520, -4930)
ID: 1181
(480, -3545, 650, -2750)
ID: 1182
(480, -1385, 650, -590)
ID: 1183
(480, 1850, 560, 2645)
ID: 1184
(480, 2935, 650, 3730)
ID: 1185
(480, 4010, 560, 4805)
ID: 1186
(520, -5240, 560, -5200)
ID: 1187
(520, -3080, 560, -3040)
ID: 1188
(520, -920, 560, -880)
ID: 1189
(520, 3400, 560, 3440)
ID: 1190
(520, 5380, 560, 5420)
ID: 1191
(560, -3530, 600, -3475)
ID: 1192
(560, -2890, 600, -2770)
ID: 1193
(560, -1370, 600, -1315)
ID: 1194
(560, -730, 600, -610)
ID: 1195
(560, 2950, 600, 3005)
ID: 1196
(560, 3590, 600, 3710)
ID: 1197
(570, 1850, 740, 2645)
ID: 1198
(570, 4010, 740, 4805)
ID: 1199
(610, -5705, 690, -4910)
ID: 1200
(610, -4630, 740, -3835)
ID: 1201
(610, -4160, 650, -4120)
ID: 1202
(610, -2000, 650, -1960)
ID: 1203
(610, 160, 650, 200)
ID: 1204
(610, 2140, 650, 2180)
ID: 1205
(610, 4300, 650, 4340)
ID: 1206
(610, 5095, 780, 5890)
ID: 1207
(650, 1870, 690, 1990)
ID: 1208
(650, 2575, 690, 2630)
ID: 1209
(650, 4030, 690, 4150)
ID: 1210
(650, 4735, 690, 4790)
ID: 1211
(660, 5110, 700, 5165)
ID: 1212
(660, 5750, 700, 5870)
ID: 1213
(700, -5420, 740, -5380)
ID: 1214
(700, -3545, 830, -2750)
ID: 1215
(700, -3260, 740, -3220)
ID: 1216
(700, -2470, 870, -1675)
ID: 1217
(700, -1385, 830, -590)
ID: 1218
(700, -1100, 740, -1060)
ID: 1219
(700, -310, 870, 485)
ID: 1220
(700, 2935, 830, 3730)
ID: 1221
(700, 3220, 740, 3260)
ID: 1222
(700, 5560, 740, 5600)
ID: 1223
(730, -5690, 770, -5635)
ID: 1224
(730, -5050, 770, -4930)
ID: 1225
(745, -5330, 920, -5290)
ID: 1226
(745, 1150, 920, 1190)
ID: 1227
(750, -2450, 790, -2330)
ID: 1228
(750, -1745, 790, -1690)
ID: 1229
(750, -290, 790, -170)
ID: 1230
(750, 415, 790, 470)
ID: 1231
(790, -4610, 830, -4490)
ID: 1232
(790, -4340, 830, -4300)
ID: 1233
(790, -4250, 830, -4210)
ID: 1234
(790, -4070, 830, -4030)
ID: 1235
(790, -3905, 830, -3850)
ID: 1236
(790, -2180, 830, -2140)
ID: 1237
(790, -20, 830, 20)
ID: 1238
(790, 1850, 1055, 2645)
ID: 1239
(790, 2320, 830, 2360)
ID: 1240
(790, 4010, 920, 4805)
ID: 1241
(790, 4480, 830, 4520)
ID: 1242
(790, 5095, 870, 5890)
ID: 1243
(880, -5705, 1100, -4910)
ID: 1244
(880, -5050, 920, -4930)
ID: 1245
(880, -3530, 920, -3475)
ID: 1246
(880, -3350, 920, -3310)
ID: 1247
(880, -3170, 920, -3130)
ID: 1248
(880, -3080, 920, -3040)
ID: 1249
(880, -2890, 920, -2770)
ID: 1250
(880, -2470, 960, -1675)
ID: 1251
(880, -1370, 920, -1315)
ID: 1252
(880, -1190, 920, -1150)
ID: 1253
(880, -1010, 920, -970)
ID: 1254
(880, -920, 920, -880)
ID: 1255
(880, -730, 920, -610)
ID: 1256
(880, -310, 960, 485)
ID: 1257
(880, 775, 1100, 1570)
ID: 1258
(880, 1430, 920, 1550)
ID: 1259
(880, 2950, 920, 3005)
ID: 1260
(880, 3130, 920, 3170)
ID: 1261
(880, 3310, 920, 3350)
ID: 1262
(880, 3400, 920, 3440)
ID: 1263
(880, 3590, 920, 3710)
ID: 1264
(880, 5095, 1460, 5890)
ID: 1265
(910, 5110, 950, 5165)
ID: 1266
(910, 5750, 950, 5870)
ID: 1267
(925, -1385, 1460, -590)
ID: 1268
(970, -4610, 1010, -4490)
ID: 1269
(970, -4340, 1010, -4300)
ID: 1270
(970, -4250, 1010, -4210)
ID: 1271
(970, -4070, 1010, -4030)
ID: 1272
(970, -3905, 1010, -3850)
ID: 1273
(970, -2000, 1010, -1960)
ID: 1274
(970, 160, 1190, 200)
ID: 1275
(970, 1870, 1010, 1990)
ID: 1276
(970, 2140, 1010, 2180)
ID: 1277
(970, 2230, 1010, 2270)
ID: 1278
(970, 2410, 1010, 2450)
ID: 1279
(970, 2575, 1010, 2630)
ID: 1280
(970, 4030, 1010, 4150)
ID: 1281
(970, 4300, 1010, 4340)
ID: 1282
(970, 4390, 1010, 4430)
ID: 1283
(970, 4570, 1010, 4610)
ID: 1284
(970, 4735, 1010, 4790)
ID: 1285
(1000, -2450, 1040, -2330)
ID: 1286
(1000, -1745, 1040, -1690)
ID: 1287
(1000, -290, 1040, -170)
ID: 1288
(1000, 415, 1040, 470)
ID: 1289
(1015, -3170, 1190, -3130)
ID: 1290
(1015, 3400, 1370, 3440)
ID: 1291
(1015, 5560, 1280, 5600)
ID: 1292
(1060, -5690, 1100, -5635)
ID: 1293
(1060, -5510, 1100, -5470)
ID: 1294
(1060, -5050, 1100, -4930)
ID: 1295
(1060, -4630, 1190, -3835)
ID: 1296
(1060, 790, 1100, 845)
ID: 1297
(1060, 970, 1100, 1010)
ID: 1298
(1060, 1430, 1100, 1550)
ID: 1299
(1105, -2470, 1640, -1675)
ID: 1300
(1105, 2140, 1280, 2180)
ID: 1301
(1105, 2935, 1550, 3730)
ID: 1302
(1120, -290, 1160, -170)
ID: 1303
(1120, 415, 1160, 470)
ID: 1304
(1150, -5705, 1460, -4910)
ID: 1305
(1150, -4160, 1190, -4120)
ID: 1306
(1150, -3530, 1190, -3475)
ID: 1307
(1150, -2890, 1190, -2770)
ID: 1308
(1150, 775, 1325, 1570)
ID: 1309
(1200, -310, 1280, 485)
ID: 1310
(1210, 4030, 1250, 4150)
ID: 1311
(1210, 4735, 1250, 4790)
ID: 1312
(1240, -4630, 1410, -3835)
ID: 1313
(1240, -3545, 1415, -2750)
ID: 1314
(1240, -1370, 1280, -1315)
ID: 1315
(1240, -1190, 1280, -1150)
ID: 1316
(1240, -1010, 1280, -970)
ID: 1317
(1240, -920, 1280, -880)
ID: 1318
(1240, -730, 1280, -610)
ID: 1319
(1240, 1870, 1280, 1990)
ID: 1320
(1240, 2230, 1280, 2270)
ID: 1321
(1240, 2410, 1280, 2450)
ID: 1322
(1240, 2575, 1280, 2630)
ID: 1323
(1240, 4480, 1280, 4520)
ID: 1324
(1240, 5110, 1280, 5165)
ID: 1325
(1240, 5290, 1280, 5330)
ID: 1326
(1240, 5470, 1280, 5510)
ID: 1327
(1240, 5750, 1280, 5870)
ID: 1328
(1290, -4610, 1330, -4490)
ID: 1329
(1290, -3905, 1330, -3850)
ID: 1330
(1290, -310, 1460, 485)
ID: 1331
(1290, 4010, 1370, 4805)
ID: 1332
(1330, -4340, 1370, -4300)
ID: 1333
(1330, -20, 1370, 20)
ID: 1334
(1330, 1850, 1460, 2645)
ID: 1335
(1330, 2950, 1370, 3005)
ID: 1336
(1330, 3130, 1370, 3170)
ID: 1337
(1330, 3310, 1370, 3350)
ID: 1338
(1330, 3590, 1370, 3710)
ID: 1339
(1370, -290, 1410, -170)
ID: 1340
(1370, 415, 1410, 470)
ID: 1341
(1380, 4010, 1550, 4805)
ID: 1342
(1390, 790, 1430, 845)
ID: 1343
(1390, 1430, 1430, 1550)
ID: 1344
(1420, -5690, 1460, -5635)
ID: 1345
(1420, -5510, 1460, -5470)
ID: 1346
(1420, -5330, 1460, -5290)
ID: 1347
(1420, -5050, 1460, -4930)
ID: 1348
(1420, -4630, 1500, -3835)
ID: 1349
(1420, -3530, 1460, -3475)
ID: 1350
(1420, -3170, 1460, -3130)
ID: 1351
(1420, -2890, 1460, -2770)
ID: 1352
(1420, -2450, 1460, -2330)
ID: 1353
(1420, -2180, 1460, -2140)
ID: 1354
(1420, -2090, 1460, -2050)
ID: 1355
(1420, -1910, 1460, -1870)
ID: 1356
(1420, -1745, 1460, -1690)
ID: 1357
(1420, -1100, 1460, -1060)
ID: 1358
(1420, 1060, 1460, 1100)
ID: 1359
(1420, 2320, 1460, 2360)
ID: 1360
(1420, 4300, 1460, 4340)
ID: 1361
(1420, 5380, 1460, 5420)
ID: 1362
(1460, 4030, 1500, 4150)
ID: 1363
(1460, 4735, 1500, 4790)
ID: 1364
(1470, 775, 1550, 1570)
ID: 1365
(1510, -5705, 1640, -4910)
ID: 1366
(1510, -4160, 2000, -4120)
ID: 1367
(1510, -3545, 1730, -2750)
ID: 1368
(1510, -1385, 1680, -590)
ID: 1369
(1510, -310, 1640, 485)
ID: 1370
(1510, 160, 1550, 200)
ID: 1371
(1510, 1850, 1680, 2645)
ID: 1372
(1510, 3220, 1550, 3260)
ID: 1373
(1510, 5095, 1680, 5890)
ID: 1374
(1540, -4610, 1580, -4490)
ID: 1375
(1540, -3905, 1580, -3850)
ID: 1376
(1560, -1370, 1600, -1315)
ID: 1377
(1560, -730, 1600, -610)
ID: 1378
(1560, 775, 1730, 1570)
ID: 1379
(1560, 1870, 1600, 1990)
ID: 1380
(1560, 2575, 1600, 2630)
ID: 1381
(1560, 5110, 1600, 5165)
ID: 1382
(1560, 5750, 1600, 5870)
ID: 1383
(1600, -5420, 1640, -5380)
ID: 1384
(1600, -2000, 1640, -1960)
ID: 1385
(1600, -920, 1640, -880)
ID: 1386
(1600, 1240, 1640, 1280)
ID: 1387
(1600, 2140, 1640, 2180)
ID: 1388
(1600, 2935, 1770, 3730)
ID: 1389
(1600, 4010, 1730, 4805)
ID: 1390
(1600, 4480, 1640, 4520)
ID: 1391
(1600, 5560, 1640, 5600)
ID: 1392
(1640, 790, 1680, 845)
ID: 1393
(1640, 1430, 1680, 1550)
ID: 1394
(1650, 2950, 1690, 3005)
ID: 1395
(1650, 3590, 1690, 3710)
ID: 1396
(1690, -5705, 1860, -4910)
ID: 1397
(1690, -3530, 2180, -2750)
ID: 1398
(1690, -3170, 1730, -3130)
ID: 1399
(1690, -2890, 1730, -2770)
ID: 1400
(1690, -2470, 1860, -1675)
ID: 1401
(1690, -1385, 1770, -590)
ID: 1402
(1690, -290, 1730, -170)
ID: 1403
(1690, -20, 1955, 20)
ID: 1404
(1690, 70, 1730, 110)
ID: 1405
(1690, 250, 1730, 290)
ID: 1406
(1690, 415, 1730, 470)
ID: 1407
(1690, 1850, 1770, 2645)
ID: 1408
(1690, 3400, 1730, 3440)
ID: 1409
(1690, 5095, 1770, 5890)
ID: 1410
(1740, -5690, 1780, -5635)
ID: 1411
(1740, -5050, 1780, -4930)
ID: 1412
(1740, -2450, 1780, -2330)
ID: 1413
(1740, -1745, 1780, -1690)
ID: 1414
(1780, -5240, 1820, -5200)
ID: 1415
(1780, -3260, 1820, -3220)
ID: 1416
(1780, -2180, 1820, -2140)
ID: 1417
(1780, -1100, 1955, -1060)
ID: 1418
(1780, 775, 1910, 1570)
ID: 1419
(1780, 1060, 1820, 1100)
ID: 1420
(1780, 2320, 1820, 2360)
ID: 1421
(1780, 2935, 1860, 3730)
ID: 1422
(1780, 4030, 1820, 4150)
ID: 1423
(1780, 4300, 1820, 4340)
ID: 1424
(1780, 4390, 1820, 4430)
ID: 1425
(1780, 4570, 1820, 4610)
ID: 1426
(1780, 4735, 1820, 4790)
ID: 1427
(1780, 5380, 2270, 5420)
ID: 1428
(1810, -1370, 1850, -1315)
ID: 1429
(1810, -730, 1850, -610)
ID: 1430
(1810, 1870, 1850, 1990)
ID: 1431
(1810, 2575, 1850, 2630)
ID: 1432
(1810, 5110, 1850, 5165)
ID: 1433
(1810, 5750, 1850, 5870)
ID: 1434
(1870, -5705, 1950, -4910)
ID: 1435
(1870, -2890, 1910, -2770)
ID: 1436
(1870, -2470, 1950, -1675)
ID: 1437
(1870, 3220, 2225, 3260)
ID: 1438
(1900, 2950, 1940, 3005)
ID: 1439
(1900, 3590, 1940, 3710)
ID: 1440
(1915, -1235, 2045, -1195)
ID: 1441
(1915, 4300, 2270, 4340)
ID: 1442
(1930, -4610, 1970, -4490)
ID: 1443
(1930, -3905, 1970, -3850)
ID: 1444
(1930, 1870, 1970, 1990)
ID: 1445
(1930, 2575, 1970, 2630)
ID: 1446
(1960, -5420, 2000, -5380)
ID: 1447
(1960, -3350, 2000, -3310)
ID: 1448
(1960, -2000, 2135, -1960)
ID: 1449
(1960, 790, 2000, 845)
ID: 1450
(1960, 970, 2000, 1010)
ID: 1451
(1960, 1150, 2000, 1190)
ID: 1452
(1960, 1240, 2405, 1280)
ID: 1453
(1960, 1430, 2000, 1550)
ID: 1454
(1960, 2320, 2000, 2360)
ID: 1455
(1990, -5690, 2030, -5635)
ID: 1456
(1990, -5050, 2030, -4930)
ID: 1457
(1990, -2450, 2030, -2330)
ID: 1458
(1990, -1745, 2030, -1690)
ID: 1459
(2005, -2470, 2540, -1675)
ID: 1460
(2010, -4630, 2090, -3835)
ID: 1461
(2010, 1850, 2090, 2645)
ID: 1462
(2020, -1370, 2060, -1315)
ID: 1463
(2020, -730, 2060, -610)
ID: 1464
(2050, -3260, 2090, -3220)
ID: 1465
(2050, -2890, 2090, -2770)
ID: 1466
(2050, -1100, 2090, -1060)
ID: 1467
(2095, -5420, 2270, -5380)
ID: 1468
(2100, -4630, 2270, -3835)
ID: 1469
(2100, -1385, 2180, -590)
ID: 1470
(2100, 1850, 2270, 2645)
ID: 1471
(2140, -4340, 2180, -4300)
ID: 1472
(2140, -3530, 2180, -3475)
ID: 1473
(2140, -3170, 2180, -3130)
ID: 1474
(2140, 2140, 2180, 2180)
ID: 1475
(2180, -4610, 2220, -4490)
ID: 1476
(2180, -3905, 2220, -3850)
ID: 1477
(2180, 1870, 2220, 1990)
ID: 1478
(2180, 2575, 2220, 2630)
ID: 1479
(2190, -1385, 2360, -590)
ID: 1480
(2200, -5690, 2240, -5635)
ID: 1481
(2200, -5050, 2240, -4930)
ID: 1482
(2200, -290, 2240, -170)
ID: 1483
(2200, 415, 2240, 470)
ID: 1484
(2200, 5110, 2240, 5165)
ID: 1485
(2200, 5750, 2240, 5870)
ID: 1486
(2230, -3545, 2405, -2750)
ID: 1487
(2230, -920, 2270, -880)
ID: 1488
(2230, 160, 2270, 200)
ID: 1489
(2230, 4030, 2270, 4150)
ID: 1490
(2230, 4390, 2270, 4430)
ID: 1491
(2230, 4570, 2270, 4610)
ID: 1492
(2230, 4735, 2270, 4790)
ID: 1493
(2270, -1370, 2310, -1315)
ID: 1494
(2270, -730, 2310, -610)
ID: 1495
(2280, -5705, 2360, -4910)
ID: 1496
(2280, -310, 2360, 485)
ID: 1497
(2280, 5095, 2360, 5890)
ID: 1498
(2290, 2950, 2330, 3005)
ID: 1499
(2290, 3590, 2330, 3710)
ID: 1500
(2320, -4630, 2900, -3835)
ID: 1501
(2320, -4160, 2360, -4120)
ID: 1502
(2320, -2450, 2360, -2330)
ID: 1503
(2320, -2180, 2360, -2140)
ID: 1504
(2320, -2090, 2360, -2050)
ID: 1505
(2320, -1910, 2360, -1870)
ID: 1506
(2320, -1745, 2360, -1690)
ID: 1507
(2320, 1850, 2450, 2645)
ID: 1508
(2320, 2320, 2360, 2360)
ID: 1509
(2320, 3220, 2360, 3260)
ID: 1510
(2320, 4010, 2450, 4805)
ID: 1511
(2370, -5705, 2540, -4910)
ID: 1512
(2370, -310, 2540, 485)
ID: 1513
(2370, 2935, 2450, 3730)
ID: 1514
(2370, 5095, 2540, 5890)
ID: 1515
(2410, -5240, 2450, -5200)
ID: 1516
(2410, -3530, 2450, -3475)
ID: 1517
(2410, -3170, 2450, -3130)
ID: 1518
(2410, -2890, 2450, -2770)
ID: 1519
(2410, -1385, 2540, -590)
ID: 1520
(2410, -1100, 2450, -1060)
ID: 1521
(2410, -20, 2450, 20)
ID: 1522
(2410, 4480, 2450, 4520)
ID: 1523
(2410, 5560, 2450, 5600)
ID: 1524
(2450, -5690, 2490, -5635)
ID: 1525
(2450, -5050, 2490, -4930)
ID: 1526
(2450, -290, 2490, -170)
ID: 1527
(2450, 415, 2490, 470)
ID: 1528
(2450, 5110, 2490, 5165)
ID: 1529
(2450, 5750, 2490, 5870)
ID: 1530
(2460, 2935, 2630, 3730)
ID: 1531
(2500, -4610, 2540, -4490)
ID: 1532
(2500, -4340, 2540, -4300)
ID: 1533
(2500, -4250, 2540, -4210)
ID: 1534
(2500, -4070, 2540, -4030)
ID: 1535
(2500, -3905, 2540, -3850)
ID: 1536
(2500, -3545, 2765, -2750)
ID: 1537
(2500, -2000, 2540, -1960)
ID: 1538
(2500, 790, 2540, 845)
ID: 1539
(2500, 970, 2540, 1010)
ID: 1540
(2500, 1150, 2540, 1190)
ID: 1541
(2500, 1240, 2540, 1280)
ID: 1542
(2500, 1430, 2540, 1550)
ID: 1543
(2500, 1870, 2540, 1990)
ID: 1544
(2500, 2140, 2675, 2180)
ID: 1545
(2500, 2230, 2540, 2270)
ID: 1546
(2500, 2410, 2540, 2450)
ID: 1547
(2500, 2575, 2540, 2630)
ID: 1548
(2500, 3400, 2540, 3440)
ID: 1549
(2500, 4010, 2670, 4805)
ID: 1550
(2540, 2950, 2580, 3005)
ID: 1551
(2540, 3590, 2580, 3710)
ID: 1552
(2550, 4030, 2590, 4150)
ID: 1553
(2550, 4735, 2590, 4790)
ID: 1554
(2590, -5705, 2720, -4910)
ID: 1555
(2590, -5420, 2630, -5380)
ID: 1556
(2590, -2470, 2760, -1675)
ID: 1557
(2590, -1370, 2630, -1315)
ID: 1558
(2590, -1190, 2630, -1150)
ID: 1559
(2590, -1010, 2630, -970)
ID: 1560
(2590, -920, 2630, -880)
ID: 1561
(2590, -730, 2630, -610)
ID: 1562
(2590, -310, 3305, 485)
ID: 1563
(2590, 160, 2630, 200)
ID: 1564
(2590, 775, 2720, 1570)
ID: 1565
(2590, 4300, 2630, 4340)
ID: 1566
(2590, 5095, 2720, 5890)
ID: 1567
(2590, 5380, 2630, 5420)
ID: 1568
(2640, -2450, 2680, -2330)
ID: 1569
(2640, -1745, 2680, -1690)
ID: 1570
(2680, -3530, 3170, -2750)
ID: 1571
(2680, -3170, 2720, -3130)
ID: 1572
(2680, -2890, 2720, -2770)
ID: 1573
(2680, -2180, 2720, -2140)
ID: 1574
(2680, 1060, 2720, 1100)
ID: 1575
(2680, 2935, 2810, 3730)
ID: 1576
(2680, 3220, 2720, 3260)
ID: 1577
(2680, 4010, 2760, 4805)
ID: 1578
(2770, -5690, 2810, -5635)
ID: 1579
(2770, -5510, 2810, -5470)
ID: 1580
(2770, -5330, 2810, -5290)
ID: 1581
(2770, -5240, 2810, -5200)
ID: 1582
(2770, -5050, 2810, -4930)
ID: 1583
(2770, -3260, 2810, -3220)
ID: 1584
(2770, -2470, 2850, -1675)
ID: 1585
(2770, -1370, 2810, -1315)
ID: 1586
(2770, -1190, 2810, -1150)
ID: 1587
(2770, -1010, 2810, -970)
ID: 1588
(2770, -920, 2810, -880)
ID: 1589
(2770, -730, 2810, -610)
ID: 1590
(2770, -290, 2810, -170)
ID: 1591
(2770, -20, 2945, 20)
ID: 1592
(2770, 70, 2810, 110)
ID: 1593
(2770, 250, 2810, 290)
ID: 1594
(2770, 415, 2810, 470)
ID: 1595
(2770, 775, 2940, 1570)
ID: 1596
(2770, 4480, 2810, 4520)
ID: 1597
(2770, 5110, 2810, 5165)
ID: 1598
(2770, 5290, 2810, 5330)
ID: 1599
(2770, 5470, 2810, 5510)
ID: 1600
(2770, 5560, 3215, 5600)
ID: 1601
(2770, 5750, 2810, 5870)
ID: 1602
(2800, 4030, 2840, 4150)
ID: 1603
(2800, 4735, 2840, 4790)
ID: 1604
(2815, 2320, 2990, 2360)
ID: 1605
(2820, 790, 2860, 845)
ID: 1606
(2820, 1430, 2860, 1550)
ID: 1607
(2830, -4610, 2870, -4490)
ID: 1608
(2830, -3905, 2870, -3850)
ID: 1609
(2860, -2890, 2900, -2770)
ID: 1610
(2860, -2000, 2900, -1960)
ID: 1611
(2860, -1385, 2990, -590)
ID: 1612
(2860, 1240, 2900, 1280)
ID: 1613
(2860, 2950, 2900, 3005)
ID: 1614
(2860, 3130, 2900, 3170)
ID: 1615
(2860, 3310, 2900, 3350)
ID: 1616
(2860, 3400, 3125, 3440)
ID: 1617
(2860, 3590, 2900, 3710)
ID: 1618
(2890, -2450, 2930, -2330)
ID: 1619
(2890, -1745, 2930, -1690)
ID: 1620
(2905, 4255, 3035, 4295)
ID: 1621
(2905, 4480, 3080, 4520)
ID: 1622
(2910, -4630, 2990, -3835)
ID: 1623
(2920, 1870, 2960, 1990)
ID: 1624
(2920, 2575, 2960, 2630)
ID: 1625
(2950, -5705, 3170, -4910)
ID: 1626
(2950, -5330, 2990, -5290)
ID: 1627
(2950, -5050, 2990, -4930)
ID: 1628
(2950, -3350, 2990, -3310)
ID: 1629
(2950, -1100, 2990, -1060)
ID: 1630
(2950, 775, 3030, 1570)
ID: 1631
(2995, -2470, 3350, -1675)
ID: 1632
(2995, 205, 3125, 245)
ID: 1633
(2995, 3220, 3170, 3260)
ID: 1634
(3000, -4630, 3170, -3835)
ID: 1635
(3000, 1850, 3080, 2645)
ID: 1636
(3010, 4030, 3050, 4150)
ID: 1637
(3010, 4735, 3050, 4790)
ID: 1638
(3040, -4340, 3080, -4300)
ID: 1639
(3040, -3260, 3080, -3220)
ID: 1640
(3040, -2890, 3080, -2770)
ID: 1641
(3040, -1385, 3210, -590)
ID: 1642
(3040, 1060, 3080, 1100)
ID: 1643
(3070, 790, 3110, 845)
ID: 1644
(3070, 1430, 3110, 1550)
ID: 1645
(3080, -4610, 3120, -4490)
ID: 1646
(3080, -3905, 3120, -3850)
ID: 1647
(3090, -1370, 3130, -1315)
ID: 1648
(3090, -730, 3130, -610)
ID: 1649
(3090, 1850, 3260, 2645)
ID: 1650
(3090, 4010, 3170, 4805)
ID: 1651
(3100, 2950, 3140, 3005)
ID: 1652
(3100, 3590, 3140, 3710)
ID: 1653
(3130, -5690, 3170, -5635)
ID: 1654
(3130, -5510, 3170, -5470)
ID: 1655
(3130, -5050, 3170, -4930)
ID: 1656
(3130, -3530, 3170, -3475)
ID: 1657
(3130, -3170, 3170, -3130)
ID: 1658
(3130, -2450, 3170, -2330)
ID: 1659
(3130, -2180, 3170, -2140)
ID: 1660
(3130, -2090, 3170, -2050)
ID: 1661
(3130, -1910, 3170, -1870)
ID: 1662
(3130, -1745, 3170, -1690)
ID: 1663
(3130, -920, 3170, -880)
ID: 1664
(3130, 2140, 3170, 2180)
ID: 1665
(3170, 1870, 3210, 1990)
ID: 1666
(3170, 2575, 3210, 2630)
ID: 1667
(3175, 5380, 3350, 5420)
ID: 1668
(3180, 2935, 3260, 3730)
ID: 1669
(3180, 4010, 3350, 4805)
ID: 1670
(3220, -5705, 3260, -4910)
ID: 1671
(3220, -4630, 3575, -3835)
ID: 1672
(3220, -4160, 3260, -4120)
ID: 1673
(3220, -3545, 3260, -2750)
ID: 1674
(3220, -1385, 3300, -590)
ID: 1675
(3220, 4300, 3260, 4340)
ID: 1676
(3260, 4030, 3300, 4150)
ID: 1677
(3260, 4735, 3300, 4790)
ID: 1678
(3265, 160, 3530, 200)
ID: 1679
(3270, 2935, 3440, 3730)
ID: 1680
(3280, 5110, 3320, 5165)
ID: 1681
(3280, 5750, 3320, 5870)
ID: 1682
(3310, -3545, 3440, -2750)
ID: 1683
(3310, -2000, 3350, -1960)
ID: 1684
(3310, -1100, 3350, -1060)
ID: 1685
(3310, 790, 3350, 845)
ID: 1686
(3310, 970, 3350, 1010)
ID: 1687
(3310, 1150, 3350, 1190)
ID: 1688
(3310, 1240, 3350, 1280)
ID: 1689
(3310, 1430, 3350, 1550)
ID: 1690
(3310, 1850, 3440, 2645)
ID: 1691
(3310, 2320, 3350, 2360)
ID: 1692
(3310, 3400, 3350, 3440)
ID: 1693
(3340, -1370, 3380, -1315)
ID: 1694
(3340, -730, 3380, -610)
ID: 1695
(3350, 2950, 3390, 3005)
ID: 1696
(3350, 3590, 3390, 3710)
ID: 1697
(3355, -920, 3620, -880)
ID: 1698
(3360, 5095, 3440, 5890)
ID: 1699
(3400, -5690, 3440, -5635)
ID: 1700
(3400, -5510, 3440, -5470)
ID: 1701
(3400, -5330, 3440, -5290)
ID: 1702
(3400, -5240, 3440, -5200)
ID: 1703
(3400, -5050, 3440, -4930)
ID: 1704
(3400, -4610, 3440, -4490)
ID: 1705
(3400, -4340, 3440, -4300)
ID: 1706
(3400, -4250, 3440, -4210)
ID: 1707
(3400, -4070, 3440, -4030)
ID: 1708
(3400, -3905, 3440, -3850)
ID: 1709
(3400, -2470, 3570, -1675)
ID: 1710
(3400, 775, 3530, 1570)
ID: 1711
(3400, 4010, 3530, 4805)
ID: 1712
(3400, 4480, 3440, 4520)
ID: 1713
(3445, -1385, 3800, -590)
ID: 1714
(3450, -2450, 3490, -2330)
ID: 1715
(3450, -1745, 3490, -1690)
ID: 1716
(3450, 5095, 3620, 5890)
ID: 1717
(3460, -290, 3500, -170)
ID: 1718
(3460, 415, 3500, 470)
ID: 1719
(3490, -5705, 3620, -4910)
ID: 1720
(3490, -3530, 3530, -3475)
ID: 1721
(3490, -3170, 3530, -3130)
ID: 1722
(3490, -2890, 3530, -2770)
ID: 1723
(3490, -2180, 3530, -2140)
ID: 1724
(3490, 1060, 3530, 1100)
ID: 1725
(3490, 1870, 3530, 1990)
ID: 1726
(3490, 2140, 3530, 2180)
ID: 1727
(3490, 2230, 3530, 2270)
ID: 1728
(3490, 2410, 3530, 2450)
ID: 1729
(3490, 2575, 3530, 2630)
ID: 1730
(3490, 2935, 3620, 3730)
ID: 1731
(3490, 3220, 3530, 3260)
ID: 1732
(3490, 5560, 3530, 5600)
ID: 1733
(3530, 5110, 3570, 5165)
ID: 1734
(3530, 5750, 3570, 5870)
ID: 1735
(3540, -310, 3620, 485)
ID: 1736
(3580, -5420, 3620, -5380)
ID: 1737
(3580, -2470, 3660, -1675)
ID: 1738
(3580, -1370, 3620, -1315)
ID: 1739
(3580, -1190, 3620, -1150)
ID: 1740
(3580, -1010, 3620, -970)
ID: 1741
(3580, -730, 3620, -610)
ID: 1742
(3580, 775, 3750, 1570)
ID: 1743
(3580, 4030, 3620, 4150)
ID: 1744
(3580, 4300, 3620, 4340)
ID: 1745
(3580, 4390, 3620, 4430)
ID: 1746
(3580, 4570, 3620, 4610)
ID: 1747
(3580, 4735, 3620, 4790)
ID: 1748
(3630, -310, 3800, 485)
ID: 1749
(3630, 790, 3670, 845)
ID: 1750
(3630, 1430, 3670, 1550)
ID: 1751
(3640, -4610, 3680, -4490)
ID: 1752
(3640, -3905, 3680, -3850)
ID: 1753
(3670, -5705, 3840, -4910)
ID: 1754
(3670, -4160, 3710, -4120)
ID: 1755
(3670, -2000, 4025, -1960)
ID: 1756
(3670, -20, 3710, 20)
ID: 1757
(3670, 1240, 3710, 1280)
ID: 1758
(3670, 2950, 3710, 3005)
ID: 1759
(3670, 3130, 3710, 3170)
ID: 1760
(3670, 3310, 3710, 3350)
ID: 1761
(3670, 3400, 3710, 3440)
ID: 1762
(3670, 3590, 3710, 3710)
ID: 1763
(3670, 5095, 4430, 5890)
ID: 1764
(3670, 5380, 3710, 5420)
ID: 1765
(3700, -2450, 3740, -2330)
ID: 1766
(3700, -1745, 3740, -1690)
ID: 1767
(3710, -290, 3750, -170)
ID: 1768
(3710, 415, 3750, 470)
ID: 1769
(3715, 4300, 3890, 4340)
ID: 1770
(3720, -5690, 3760, -5635)
ID: 1771
(3720, -5050, 3760, -4930)
ID: 1772
(3720, -4630, 3800, -3835)
ID: 1773
(3760, -5240, 3800, -5200)
ID: 1774
(3760, -3530, 3800, -3475)
ID: 1775
(3760, -3350, 3800, -3310)
ID: 1776
(3760, -3170, 3800, -3130)
ID: 1777
(3760, -3080, 3800, -3040)
ID: 1778
(3760, -2890, 3800, -2770)
ID: 1779
(3760, -1100, 3800, -1060)
ID: 1780
(3760, 775, 3840, 1570)
ID: 1781
(3760, 1850, 3800, 2645)
ID: 1782
(3810, -4630, 3980, -3835)
ID: 1783
(3850, -5705, 3930, -4910)
ID: 1784
(3850, -4340, 3890, -4300)
ID: 1785
(3850, -3545, 3980, -2750)
ID: 1786
(3850, -1385, 4020, -590)
ID: 1787
(3850, -310, 3980, 485)
ID: 1788
(3850, 160, 3890, 200)
ID: 1789
(3850, 1060, 3890, 1100)
ID: 1790
(3850, 1870, 3890, 1990)
ID: 1791
(3850, 1850, 4070, 2645)
ID: 1792
(3850, 2410, 3980, 2450)
ID: 1793
(3850, 2575, 3890, 2630)
ID: 1794
(3850, 4030, 3890, 4150)
ID: 1795
(3850, 4390, 3890, 4430)
ID: 1796
(3850, 4570, 3890, 4610)
ID: 1797
(3850, 4735, 3890, 4790)
ID: 1798
(3850, 5110, 3890, 5165)
ID: 1799
(3850, 5290, 3890, 5330)
ID: 1800
(3850, 5470, 3890, 5510)
ID: 1801
(3850, 5560, 3890, 5600)
ID: 1802
(3850, 5750, 3890, 5870)
ID: 1803
(3880, 790, 3920, 845)
ID: 1804
(3880, 1430, 3920, 1550)
ID: 1805
(3890, -4610, 3930, -4490)
ID: 1806
(3890, -3905, 3930, -3850)
ID: 1807
(3900, -1370, 3940, -1315)
ID: 1808
(3900, -730, 3940, -610)
ID: 1809
(3940, -5420, 3980, -5380)
ID: 1810
(3940, -3260, 3980, -3220)
ID: 1811
(3940, -920, 3980, -880)
ID: 1812
(3940, 4010, 4070, 4805)
ID: 1813
(3970, -5690, 4010, -5635)
ID: 1814
(3970, -5050, 4010, -4930)
ID: 1815
(3985, -5705, 4160, -4910)
ID: 1816
(3985, 1195, 4115, 1235)
ID: 1817
(4030, -4630, 4385, -3835)
ID: 1818
(4030, -4160, 4070, -4120)
ID: 1819
(4030, -3545, 4200, -2750)
ID: 1820
(4030, -1385, 4110, -590)
ID: 1821
(4030, -290, 4070, -170)
ID: 1822
(4030, -20, 4205, 20)
ID: 1823
(4030, 70, 4070, 110)
ID: 1824
(4030, 250, 4070, 290)
ID: 1825
(4030, 415, 4070, 470)
ID: 1826
(4030, 1870, 4070, 1990)
ID: 1827
(4030, 2230, 4205, 2270)
ID: 1828
(4030, 4480, 4070, 4520)
ID: 1829
(4075, 2140, 4340, 2180)
ID: 1830
(4080, -3530, 4120, -3475)
ID: 1831
(4080, -2890, 4120, -2770)
ID: 1832
(4090, 790, 4130, 845)
ID: 1833
(4090, 1430, 4130, 1550)
ID: 1834
(4120, -3080, 4160, -3040)
ID: 1835
(4120, -2450, 4160, -2330)
ID: 1836
(4120, -2090, 4160, -2050)
ID: 1837
(4120, -2470, 4340, -1675)
ID: 1838
(4120, -1385, 4520, -590)
ID: 1839
(4120, 1060, 4160, 1100)
ID: 1840
(4120, 2935, 4250, 3730)
ID: 1841
(4120, 4010, 4290, 4805)
ID: 1842
(4150, -1370, 4190, -1315)
ID: 1843
(4150, -730, 4190, -610)
ID: 1844
(4165, -310, 4790, 485)
ID: 1845
(4170, 775, 4250, 1570)
ID: 1846
(4170, 4030, 4210, 4150)
ID: 1847
(4170, 4735, 4210, 4790)
ID: 1848
(4210, -5690, 4250, -5635)
ID: 1849
(4210, -5510, 4250, -5470)
ID: 1850
(4210, -5705, 4430, -4910)
ID: 1851
(4210, -5050, 4250, -4930)
ID: 1852
(4210, -4610, 4250, -4490)
ID: 1853
(4210, -4340, 4250, -4300)
ID: 1854
(4210, -4250, 4250, -4210)
ID: 1855
(4210, -4070, 4250, -4030)
ID: 1856
(4210, -3905, 4250, -3850)
ID: 1857
(4210, -3545, 4290, -2750)
ID: 1858
(4210, 2950, 4250, 3005)
ID: 1859
(4210, 3130, 4250, 3170)
ID: 1860
(4210, 2935, 4430, 3730)
ID: 1861
(4210, 3590, 4250, 3710)
ID: 1862
(4210, 4300, 4250, 4340)
ID: 1863
(4260, 775, 4430, 1570)
ID: 1864
(4300, -3260, 4340, -3220)
ID: 1865
(4300, -2450, 4340, -2330)
ID: 1866
(4300, -1910, 4340, -1870)
ID: 1867
(4300, -1745, 4340, -1690)
ID: 1868
(4300, 1240, 4340, 1280)
ID: 1869
(4300, 1870, 4340, 1990)
ID: 1870
(4300, 2230, 4340, 2270)
ID: 1871
(4300, 2410, 4340, 2450)
ID: 1872
(4300, 2575, 4340, 2630)
ID: 1873
(4300, 4010, 4380, 4805)
ID: 1874
(4330, -3530, 4370, -3475)
ID: 1875
(4330, -2890, 4370, -2770)
ID: 1876
(4340, 790, 4380, 845)
ID: 1877
(4340, 1430, 4380, 1550)
ID: 1878
(4345, -4340, 4520, -4300)
ID: 1879
(4345, -3080, 4700, -3040)
ID: 1880
(4360, 5110, 4400, 5165)
ID: 1881
(4360, 5750, 4400, 5870)
ID: 1882
(4390, -5330, 4430, -5290)
ID: 1883
(4390, -5050, 4430, -4930)
ID: 1884
(4390, -2470, 4565, -1675)
ID: 1885
(4390, 1850, 4520, 2645)
ID: 1886
(4390, 3310, 4430, 3350)
ID: 1887
(4390, 3590, 4430, 3710)
ID: 1888
(4390, 4480, 4565, 4520)
ID: 1889
(4420, 4030, 4460, 4150)
ID: 1890
(4420, 4735, 4460, 4790)
ID: 1891
(4435, -4630, 4700, -3835)
ID: 1892
(4440, 5095, 4520, 5890)
ID: 1893
(4480, -4610, 4520, -4490)
ID: 1894
(4480, -4250, 4520, -4210)
ID: 1895
(4480, -4070, 4520, -4030)
ID: 1896
(4480, -3905, 4520, -3850)
ID: 1897
(4480, 775, 4925, 1570)
ID: 1898
(4480, 1060, 4520, 1100)
ID: 1899
(4480, 2320, 4520, 2360)
ID: 1900
(4530, 5095, 4700, 5890)
ID: 1901
(4540, -2450, 4580, -2330)
ID: 1902
(4540, -1745, 4580, -1690)
ID: 1903
(4570, -5705, 4790, -4910)
ID: 1904
(4570, -5330, 4610, -5290)
ID: 1905
(4570, -5050, 4610, -4930)
ID: 1906
(4570, -2000, 4610, -1960)
ID: 1907
(4570, -1370, 4610, -1315)
ID: 1908
(4570, -1190, 4610, -1150)
ID: 1909
(4570, -1385, 4790, -590)
ID: 1910
(4570, -730, 4610, -610)
ID: 1911
(4570, -290, 4610, -170)
ID: 1912
(4570, -20, 4610, 20)
ID: 1913
(4570, 70, 4610, 110)
ID: 1914
(4570, 250, 4610, 290)
ID: 1915
(4570, 415, 4610, 470)
ID: 1916
(4570, 1850, 4740, 2645)
ID: 1917
(4570, 2935, 4610, 3730)
ID: 1918
(4570, 5560, 4610, 5600)
ID: 1919
(4610, 5110, 4650, 5165)
ID: 1920
(4610, 5750, 4650, 5870)
ID: 1921
(4620, -2470, 4700, -1675)
ID: 1922
(4620, 1870, 4660, 1990)
ID: 1923
(4620, 2575, 4660, 2630)
ID: 1924
(4660, -4160, 4700, -4120)
ID: 1925
(4660, -3530, 4700, -3475)
ID: 1926
(4660, -3350, 4700, -3310)
ID: 1927
(4660, -3170, 4700, -3130)
ID: 1928
(4660, -2890, 4700, -2770)
ID: 1929
(4660, 790, 4700, 845)
ID: 1930
(4660, 970, 4700, 1010)
ID: 1931
(4660, 1150, 4700, 1190)
ID: 1932
(4660, 1240, 4700, 1280)
ID: 1933
(4660, 1430, 4700, 1550)
ID: 1934
(4660, 2140, 4700, 2180)
ID: 1935
(4660, 2950, 4700, 3005)
ID: 1936
(4660, 3130, 4790, 3170)
ID: 1937
(4660, 2935, 4880, 3730)
ID: 1938
(4660, 3590, 4700, 3710)
ID: 1939
(4710, -2470, 4880, -1675)
ID: 1940
(4720, 4030, 4760, 4150)
ID: 1941
(4720, 4735, 4760, 4790)
ID: 1942
(4750, -5690, 4790, -5635)
ID: 1943
(4750, -5510, 4790, -5470)
ID: 1944
(4750, -5050, 4790, -4930)
ID: 1945
(4750, -4630, 4920, -3835)
ID: 1946
(4750, -3545, 4880, -2750)
ID: 1947
(4750, -2180, 4790, -2140)
ID: 1948
(4750, -1010, 4790, -970)
ID: 1949
(4750, -730, 4790, -610)
ID: 1950
(4750, 160, 4790, 200)
ID: 1951
(4750, 1850, 4830, 2645)
ID: 1952
(4750, 4480, 4790, 4520)
ID: 1953
(4750, 5095, 4880, 5890)
ID: 1954
(4750, 5380, 4790, 5420)
ID: 1955
(4790, -2450, 4830, -2330)
ID: 1956
(4790, -1745, 4830, -1690)
ID: 1957
(4795, 1150, 5060, 1190)
ID: 1958
(4800, -4610, 4840, -4490)
ID: 1959
(4800, -3905, 4840, -3850)
ID: 1960
(4800, 4010, 4880, 4805)
ID: 1961
(4840, -5705, 5060, -4910)
ID: 1962
(4840, -4340, 4880, -4300)
ID: 1963
(4840, -3260, 4880, -3220)
ID: 1964
(4840, -310, 5010, 485)
ID: 1965
(4840, 2320, 4880, 2360)
ID: 1966
(4840, 3310, 4880, 3350)
ID: 1967
(4840, 3590, 4880, 3710)
ID: 1968
(4870, 1870, 4910, 1990)
ID: 1969
(4870, 2575, 4910, 2630)
ID: 1970
(4885, 2230, 5060, 2270)
ID: 1971
(4890, -290, 4930, -170)
ID: 1972
(4890, 415, 4930, 470)
ID: 1973
(4890, 4010, 5060, 4805)
ID: 1974
(4930, -4630, 5010, -3835)
ID: 1975
(4930, -3545, 5100, -2750)
ID: 1976
(4930, -2470, 5375, -1675)
ID: 1977
(4930, -2000, 4970, -1960)
ID: 1978
(4930, -1370, 4970, -1315)
ID: 1979
(4930, -1190, 4970, -1150)
ID: 1980
(4930, -1010, 4970, -970)
ID: 1981
(4930, -920, 4970, -880)
ID: 1982
(4930, -730, 4970, -610)
ID: 1983
(4930, -20, 4970, 20)
ID: 1984
(4930, 4300, 4970, 4340)
ID: 1985
(4930, 5110, 4970, 5165)
ID: 1986
(4930, 5290, 4970, 5330)
ID: 1987
(4930, 5470, 4970, 5510)
ID: 1988
(4930, 5560, 4970, 5600)
ID: 1989
(4930, 5750, 4970, 5870)
ID: 1990
(4970, 4030, 5010, 4150)
ID: 1991
(4970, 4735, 5010, 4790)
ID: 1992
(4980, -3530, 5020, -3475)
ID: 1993
(4980, -2890, 5020, -2770)
ID: 1994
(5020, -5690, 5060, -5635)
ID: 1995
(5020, -5510, 5060, -5470)
ID: 1996
(5020, -5330, 5060, -5290)
ID: 1997
(5020, -5050, 5060, -4930)
ID: 1998
(5020, -4160, 5060, -4120)
ID: 1999
(5020, -3080, 5060, -3040)
ID: 2000
(5020, -1385, 5150, -590)
ID: 2001
(5020, -310, 5100, 485)
ID: 2002
(5020, 775, 5240, 1570)
ID: 2003
(5020, 1430, 5060, 1550)
ID: 2004
(5020, 1870, 5060, 1990)
ID: 2005
(5020, 1850, 5240, 2645)
ID: 2006
(5020, 2935, 5060, 3730)
ID: 2007
(5050, -4610, 5090, -4490)
ID: 2008
(5050, -3905, 5090, -3850)
ID: 2009
(5110, -5705, 5240, -4910)
ID: 2010
(5110, -3545, 5190, -2750)
ID: 2011
(5110, -2450, 5150, -2330)
ID: 2012
(5110, -2180, 5150, -2140)
ID: 2013
(5110, -2090, 5150, -2050)
ID: 2014
(5110, -1910, 5150, -1870)
ID: 2015
(5110, -1745, 5150, -1690)
ID: 2016
(5110, -1100, 5150, -1060)
ID: 2017
(5110, -310, 5690, 485)
ID: 2018
(5110, 2950, 5150, 3005)
ID: 2019
(5110, 3130, 5150, 3170)
ID: 2020
(5110, 2935, 5330, 3730)
ID: 2021
(5110, 3590, 5150, 3710)
ID: 2022
(5110, 4010, 5240, 4805)
ID: 2023
(5110, 4480, 5150, 4520)
ID: 2024
(5140, -290, 5180, -170)
ID: 2025
(5140, 415, 5180, 470)
ID: 2026
(5200, -5420, 5240, -5380)
ID: 2027
(5200, -3260, 5375, -3220)
ID: 2028
(5200, -1385, 5370, -590)
ID: 2029
(5200, 790, 5240, 845)
ID: 2030
(5200, 970, 5240, 1010)
ID: 2031
(5200, 1430, 5240, 1550)
ID: 2032
(5200, 1870, 5240, 1990)
ID: 2033
(5200, 2410, 5240, 2450)
ID: 2034
(5200, 2575, 5240, 2630)
ID: 2035
(5230, -3530, 5270, -3475)
ID: 2036
(5230, -2890, 5270, -2770)
ID: 2037
(5245, -2000, 5510, -1960)
ID: 2038
(5245, 295, 5375, 335)
ID: 2039
(5250, -1370, 5290, -1315)
ID: 2040
(5250, -730, 5290, -610)
ID: 2041
(5290, -5705, 5460, -4910)
ID: 2042
(5290, -920, 5330, -880)
ID: 2043
(5290, 775, 5465, 1570)
ID: 2044
(5290, 1850, 5330, 2645)
ID: 2045
(5290, 3310, 5330, 3350)
ID: 2046
(5290, 3590, 5330, 3710)
ID: 2047
(5290, 4030, 5330, 4150)
ID: 2048
(5290, 4300, 5330, 4340)
ID: 2049
(5290, 4390, 5330, 4430)
ID: 2050
(5290, 4570, 5330, 4610)
ID: 2051
(5290, 4735, 5330, 4790)
ID: 2052
(5335, -4160, 5510, -4120)
ID: 2053
(5335, 5560, 5510, 5600)
ID: 2054
(5340, -5690, 5380, -5635)
ID: 2055
(5340, -5050, 5380, -4930)
ID: 2056
(5380, -5240, 5420, -5200)
ID: 2057
(5380, -1385, 5460, -590)
ID: 2058
(5425, 4010, 5780, 4805)
ID: 2059
(5440, -4610, 5480, -4490)
ID: 2060
(5440, -3905, 5480, -3850)
ID: 2061
(5440, -2450, 5480, -2330)
ID: 2062
(5440, -1745, 5480, -1690)
ID: 2063
(5440, 790, 5480, 845)
ID: 2064
(5440, 1430, 5480, 1550)
ID: 2065
(5440, 1870, 5480, 1990)
ID: 2066
(5440, 2575, 5480, 2630)
ID: 2067
(5440, 2950, 5480, 3005)
ID: 2068
(5440, 3590, 5480, 3710)
ID: 2069
(5470, -5705, 5550, -4910)
ID: 2070
(5470, -1100, 5645, -1060)
ID: 2071
(5470, -290, 5510, -170)
ID: 2072
(5470, -20, 5510, 20)
ID: 2073
(5470, 70, 5510, 110)
ID: 2074
(5470, 250, 5510, 290)
ID: 2075
(5470, 415, 5510, 470)
ID: 2076
(5470, 1060, 5510, 1100)
ID: 2077
(5470, 2320, 5510, 2360)
ID: 2078
(5470, 3220, 5510, 3260)
ID: 2079
(5470, 5110, 5510, 5165)
ID: 2080
(5470, 5290, 5510, 5330)
ID: 2081
(5470, 5470, 5510, 5510)
ID: 2082
(5470, 5750, 5510, 5870)
ID: 2083
(5500, -1370, 5540, -1315)
ID: 2084
(5500, -730, 5540, -610)
ID: 2085
(5515, -1010, 5780, -970)
ID: 2086
(5520, -4630, 5600, -3835)
ID: 2087
(5520, -2470, 5600, -1675)
ID: 2088
(5520, 775, 5600, 1570)
ID: 2089
(5520, 1850, 5600, 2645)
ID: 2090
(5520, 2935, 5600, 3730)
ID: 2091
(5560, -5420, 5600, -5380)
ID: 2092
(5560, 5095, 5690, 5890)
ID: 2093
(5590, -5690, 5630, -5635)
ID: 2094
(5590, -5050, 5630, -4930)
ID: 2095
(5610, -4630, 5780, -3835)
ID: 2096
(5610, -2470, 5780, -1675)
ID: 2097
(5610, 775, 5780, 1570)
ID: 2098
(5610, 1850, 5780, 2645)
ID: 2099
(5610, 2935, 5780, 3730)
ID: 2100
(5650, -4340, 5690, -4300)
ID: 2101
(5650, -2180, 5690, -2140)
ID: 2102
(5650, 160, 5690, 200)
ID: 2103
(5650, 1240, 5690, 1280)
ID: 2104
(5650, 2140, 5690, 2180)
ID: 2105
(5650, 3400, 5690, 3440)
ID: 2106
(5650, 5380, 5690, 5420)
ID: 2107
(5690, -4610, 5730, -4490)
ID: 2108
(5690, -3905, 5730, -3850)
ID: 2109
(5690, -2450, 5730, -2330)
ID: 2110
(5690, -1745, 5730, -1690)
ID: 2111
(5690, 790, 5730, 845)
ID: 2112
(5690, 1430, 5730, 1550)
ID: 2113
(5690, 1870, 5730, 1990)
ID: 2114
(5690, 2575, 5730, 2630)
ID: 2115
(5690, 2950, 5730, 3005)
ID: 2116
(5690, 3590, 5730, 3710)
ID: 2117
(5740, -5705, 5960, -4910)
ID: 2118
(5740, -5330, 5780, -5290)
ID: 2119
(5740, -5050, 5780, -4930)
ID: 2120
(5740, -3545, 5960, -2750)
ID: 2121
(5740, -3170, 5780, -3130)
ID: 2122
(5740, -2890, 5780, -2770)
ID: 2123
(5740, -1385, 5960, -590)
ID: 2124
(5740, -730, 5780, -610)
ID: 2125
(5740, -310, 5910, 485)
ID: 2126
(5740, 5095, 5910, 5890)
ID: 2127
(5790, -290, 5830, -170)
ID: 2128
(5790, 415, 5830, 470)
ID: 2129
(5790, 5110, 5830, 5165)
ID: 2130
(5790, 5750, 5830, 5870)
ID: 2131
(5830, -4630, 6455, -3835)
ID: 2132
(5830, -4160, 5870, -4120)
ID: 2133
(5830, -2470, 6455, -1675)
ID: 2134
(5830, -2000, 5870, -1960)
ID: 2135
(5830, -20, 5870, 20)
ID: 2136
(5830, 775, 6455, 1570)
ID: 2137
(5830, 1060, 5870, 1100)
ID: 2138
(5830, 1850, 6455, 2645)
ID: 2139
(5830, 2320, 5870, 2360)
ID: 2140
(5830, 2935, 6455, 3730)
ID: 2141
(5830, 3220, 5870, 3260)
ID: 2142
(5830, 4030, 5870, 4150)
ID: 2143
(5830, 4010, 6050, 4805)
ID: 2144
(5830, 4570, 5870, 4610)
ID: 2145
(5830, 4735, 5870, 4790)
ID: 2146
(5830, 5560, 5870, 5600)
ID: 2147
(5920, -5690, 5960, -5635)
ID: 2148
(5920, -5510, 5960, -5470)
ID: 2149
(5920, -5050, 5960, -4930)
ID: 2150
(5920, -3530, 5960, -3475)
ID: 2151
(5920, -3350, 5960, -3310)
ID: 2152
(5920, -2890, 5960, -2770)
ID: 2153
(5920, -1370, 5960, -1315)
ID: 2154
(5920, -1190, 5960, -1150)
ID: 2155
(5920, -730, 5960, -610)
ID: 2156
(5920, -310, 6000, 485)
ID: 2157
(5920, 5095, 6000, 5890)
ID: 2158
(6010, -5705, 6050, -4910)
ID: 2159
(6010, -4610, 6050, -4490)
ID: 2160
(6010, -4340, 6050, -4300)
ID: 2161
(6010, -4250, 6050, -4210)
ID: 2162
(6010, -4070, 6050, -4030)
ID: 2163
(6010, -3905, 6050, -3850)
ID: 2164
(6010, -3545, 6050, -2750)
ID: 2165
(6010, -2450, 6050, -2330)
ID: 2166
(6010, -2180, 6050, -2140)
ID: 2167
(6010, -2090, 6050, -2050)
ID: 2168
(6010, -1910, 6050, -1870)
ID: 2169
(6010, -1745, 6050, -1690)
ID: 2170
(6010, -1385, 6185, -590)
ID: 2171
(6010, 160, 8165, 245)
ID: 2172
(6010, 790, 6050, 845)
ID: 2173
(6010, 970, 6050, 1010)
ID: 2174
(6010, 1150, 6050, 1190)
ID: 2175
(6010, 1240, 6050, 1280)
ID: 2176
(6010, 1430, 6050, 1550)
ID: 2177
(6010, 1870, 6050, 1990)
ID: 2178
(6010, 2140, 6185, 2180)
ID: 2179
(6010, 2230, 6050, 2270)
ID: 2180
(6010, 2410, 6050, 2450)
ID: 2181
(6010, 2575, 6050, 2630)
ID: 2182
(6010, 2950, 6050, 3005)
ID: 2183
(6010, 3130, 6050, 3170)
ID: 2184
(6010, 3310, 6050, 3350)
ID: 2185
(6010, 3400, 6050, 3440)
ID: 2186
(6010, 3590, 6050, 3710)
ID: 2187
(6010, 4030, 6050, 4150)
ID: 2188
(6010, 4390, 6050, 4430)
ID: 2189
(6010, 5380, 8165, 5465)
ID: 2190
(6040, -290, 6080, -170)
ID: 2191
(6040, 415, 6080, 470)
ID: 2192
(6040, 5110, 6080, 5165)
ID: 2193
(6040, 5750, 6080, 5870)
ID: 2194
(6490, -5860, 7100, -5730)
ID: 2195
(6490, -3810, 7100, -3680)
ID: 2196
(6490, -1650, 7100, -1520)
ID: 2197
(6490, 510, 7100, 640)
ID: 2198
(6490, 2670, 7100, 2800)
ID: 2199
(6490, 4830, 7100, 4960)
ID: 2200
(6795, -3650, 7100, -3580)
ID: 2201
(6795, -1490, 7100, -1420)
ID: 2202
(6795, 670, 7100, 740)
ID: 2203
(6795, 2830, 7100, 2900)
ID: 2204
(6795, 4990, 7100, 5060)
ID: 2205
(7210, -4890, 7820, -4760)
ID: 2206
(7210, -2730, 7820, -2600)
ID: 2207
(7210, -570, 7820, -440)
ID: 2208
(7210, 1590, 7820, 1720)
ID: 2209
(7210, 3750, 7820, 3880)
ID: 2210
(7210, 5910, 7820, 6040)
ID: 2211
(7515, -4730, 7820, -4660)
ID: 2212
(7515, -2570, 7820, -2500)
ID: 2213
(7515, -410, 7820, -340)
ID: 2214
(7515, 1750, 7820, 1820)
ID: 2215
(7515, 3910, 7820, 3980)
