ID: 0
(-8885, -4085, -6730, -3290)
ID: 1
(-8885, 1310, -6730, 2105)
ID: 2
(-8885, 2395, -6730, 3190)
ID: 3
(-8540, -8360, -7930, -7750)
ID: 4
(-8540, -5430, -7930, -5300)
ID: 5
(-8540, -5270, -8235, -5200)
ID: 6
(-8540, -3270, -7930, -3140)
ID: 7
(-8540, -3110, -8235, -3040)
ID: 8
(-8540, -1110, -7930, -980)
ID: 9
(-8540, -950, -8235, -880)
ID: 10
(-8540, 1050, -7930, 1180)
ID: 11
(-8540, 1210, -8235, 1280)
ID: 12
(-8540, 3210, -7930, 3340)
ID: 13
(-8540, 3370, -8235, 3440)
ID: 14
(-8540, 5370, -7930, 5500)
ID: 15
(-8540, 5530, -8235, 5600)
ID: 16
(-8540, 7795, -7930, 8405)
ID: 17
(-7895, -5870, -6730, -5785)
ID: 18
(-7895, 430, -6730, 515)
ID: 19
(-7820, -7640, -7210, -7030)
ID: 20
(-7820, -6400, -7210, -6270)
ID: 21
(-7820, -4350, -7210, -4220)
ID: 22
(-7820, -4190, -7515, -4120)
ID: 23
(-7820, -2190, -7210, -2060)
ID: 24
(-7820, -2030, -7515, -1960)
ID: 25
(-7820, -30, -7210, 100)
ID: 26
(-7820, 130, -7515, 200)
ID: 27
(-7820, 2130, -7210, 2260)
ID: 28
(-7820, 2290, -7515, 2360)
ID: 29
(-7820, 4290, -7210, 4420)
ID: 30
(-7820, 4450, -7515, 4520)
ID: 31
(-7820, 6450, -7210, 6580)
ID: 32
(-7820, 7120, -7210, 7730)
ID: 33
(-6905, 5875, -6730, 5915)
ID: 34
(-6905, 6010, -6730, 6050)
ID: 35
(-6815, -5170, -6730, -4375)
ID: 36
(-6815, -1925, -6730, -1130)
ID: 37
(-6815, 4555, -6730, 5350)
ID: 38
(-6770, -6245, -6550, -5450)
ID: 39
(-6770, -5590, -6730, -5470)
ID: 40
(-6770, -2990, -6730, -2870)
ID: 41
(-6770, -2630, -6730, -2590)
ID: 42
(-6770, -2285, -6730, -2230)
ID: 43
(-6770, -850, -6730, -55)
ID: 44
(-6770, 250, -6730, 305)
ID: 45
(-6770, 235, -6550, 1030)
ID: 46
(-6770, 3470, -6730, 4265)
ID: 47
(-6770, 5650, -6730, 5770)
ID: 48
(-6770, 5630, -6550, 6425)
ID: 49
(-6725, -5150, -6685, -5030)
ID: 50
(-6725, -4445, -6685, -4390)
ID: 51
(-6725, -4070, -6685, -4015)
ID: 52
(-6725, -3430, -6685, -3310)
ID: 53
(-6725, -1910, -6685, -1855)
ID: 54
(-6725, -1270, -6685, -1150)
ID: 55
(-6725, 1330, -6685, 1450)
ID: 56
(-6725, 2035, -6685, 2090)
ID: 57
(-6725, 2410, -6685, 2465)
ID: 58
(-6725, 3050, -6685, 3170)
ID: 59
(-6725, 4570, -6685, 4625)
ID: 60
(-6725, 5210, -6685, 5330)
ID: 61
(-6680, -5170, -6595, -4375)
ID: 62
(-6680, -4085, -6595, -3290)
ID: 63
(-6680, -3010, -6550, -2215)
ID: 64
(-6680, -1925, -6595, -1130)
ID: 65
(-6680, -830, -6640, -710)
ID: 66
(-6680, -850, -6370, -55)
ID: 67
(-6680, -125, -6640, -70)
ID: 68
(-6680, 610, -6640, 650)
ID: 69
(-6680, 1310, -6595, 2105)
ID: 70
(-6680, 2395, -6595, 3190)
ID: 71
(-6680, 3490, -6640, 3610)
ID: 72
(-6680, 3470, -6460, 4265)
ID: 73
(-6680, 3850, -6640, 3890)
ID: 74
(-6680, 4195, -6640, 4250)
ID: 75
(-6680, 4555, -6595, 5350)
ID: 76
(-6590, -6230, -6550, -6175)
ID: 77
(-6590, -6050, -6550, -6010)
ID: 78
(-6590, -5590, -6550, -5470)
ID: 79
(-6590, -4790, -6415, -4750)
ID: 80
(-6590, -3710, -6550, -3670)
ID: 81
(-6590, -3010, -6460, -2215)
ID: 82
(-6590, -1550, -6550, -1510)
ID: 83
(-6590, -560, -6550, -520)
ID: 84
(-6590, 250, -6550, 305)
ID: 85
(-6590, 890, -6550, 1010)
ID: 86
(-6590, 1310, -6370, 2105)
ID: 87
(-6590, 2770, -6550, 2810)
ID: 88
(-6590, 4930, -6550, 4970)
ID: 89
(-6590, 5650, -6550, 5770)
ID: 90
(-6590, 6190, -6550, 6230)
ID: 91
(-6590, 6355, -6550, 6410)
ID: 92
(-6545, -5150, -6505, -5030)
ID: 93
(-6545, -4445, -6505, -4390)
ID: 94
(-6545, -4070, -6505, -4015)
ID: 95
(-6545, -3430, -6505, -3310)
ID: 96
(-6545, -1910, -6505, -1855)
ID: 97
(-6545, -1270, -6505, -1150)
ID: 98
(-6545, 1330, -6505, 1450)
ID: 99
(-6545, 2035, -6505, 2090)
ID: 100
(-6545, 2410, -6505, 2465)
ID: 101
(-6545, 3050, -6505, 3170)
ID: 102
(-6545, 4570, -6505, 4625)
ID: 103
(-6545, 5210, -6505, 5330)
ID: 104
(-6500, -6245, -6460, -5450)
ID: 105
(-6500, -830, -6460, -710)
ID: 106
(-6500, -290, -6460, -250)
ID: 107
(-6500, 235, -6235, 1030)
ID: 108
(-6500, 5065, -6370, 5105)
ID: 109
(-6500, 5630, -6460, 6425)
ID: 110
(-6455, -1925, -6370, -1130)
ID: 111
(-6410, -2990, -6370, -2870)
ID: 112
(-6410, -3010, -6100, -2215)
ID: 113
(-6410, -2285, -6370, -2230)
ID: 114
(-6410, -470, -6370, -430)
ID: 115
(-6410, 2410, -6370, 2465)
ID: 116
(-6410, 2770, -6370, 2810)
ID: 117
(-6410, 3050, -6370, 3170)
ID: 118
(-6410, 3490, -6370, 3610)
ID: 119
(-6410, 3470, -5920, 4250)
ID: 120
(-6410, 4195, -6370, 4250)
ID: 121
(-6410, 4570, -6370, 4625)
ID: 122
(-6410, 4930, -6370, 4970)
ID: 123
(-6410, 5210, -6370, 5330)
ID: 124
(-6365, -6245, -6280, -5450)
ID: 125
(-6365, -2450, -6190, -2410)
ID: 126
(-6365, -1910, -6325, -1855)
ID: 127
(-6365, -1270, -6325, -1150)
ID: 128
(-6365, 610, -6010, 650)
ID: 129
(-6365, 5630, -6280, 6425)
ID: 130
(-6320, -5170, -6010, -4375)
ID: 131
(-6320, -4790, -6280, -4750)
ID: 132
(-6320, -4085, -6100, -3290)
ID: 133
(-6320, -3710, -6280, -3670)
ID: 134
(-6320, -3430, -6280, -3310)
ID: 135
(-6320, -2720, -6280, -2680)
ID: 136
(-6320, -1925, -6235, -1130)
ID: 137
(-6320, 1330, -6280, 1450)
ID: 138
(-6320, 1690, -6145, 1730)
ID: 139
(-6320, 2035, -6280, 2090)
ID: 140
(-6320, 2545, -6280, 2720)
ID: 141
(-6320, 2395, -6190, 3190)
ID: 142
(-6320, 4030, -6100, 4070)
ID: 143
(-6320, 4555, -6190, 5350)
ID: 144
(-6275, -6230, -6235, -6175)
ID: 145
(-6275, -5590, -6235, -5470)
ID: 146
(-6275, -850, -6190, -55)
ID: 147
(-6275, 1870, -6100, 1910)
ID: 148
(-6275, 5650, -6235, 5770)
ID: 149
(-6275, 6355, -6235, 6410)
ID: 150
(-6230, -6245, -6145, -5450)
ID: 151
(-6230, -5150, -6190, -5030)
ID: 152
(-6230, -4610, -6190, -4570)
ID: 153
(-6230, -2990, -6190, -2870)
ID: 154
(-6230, -1925, -5920, -1130)
ID: 155
(-6230, 3050, -6190, 3170)
ID: 156
(-6230, 3490, -6190, 3610)
ID: 157
(-6230, 3940, -6190, 3980)
ID: 158
(-6230, 4570, -6190, 4625)
ID: 159
(-6230, 4840, -6190, 4880)
ID: 160
(-6230, 5630, -6145, 6425)
ID: 161
(-6185, -1910, -6145, -1855)
ID: 162
(-6185, -1270, -6145, -1150)
ID: 163
(-6185, -830, -6145, -710)
ID: 164
(-6185, -125, -6145, -70)
ID: 165
(-6140, -5870, -6100, -5830)
ID: 166
(-6140, -4880, -6100, -4840)
ID: 167
(-6140, -4070, -6100, -4015)
ID: 168
(-6140, -3980, -6100, -3850)
ID: 169
(-6140, -3430, -6100, -3310)
ID: 170
(-6140, -2630, -6100, -2590)
ID: 171
(-6140, -850, -6055, -55)
ID: 172
(-6140, 1310, -5695, 2090)
ID: 173
(-6140, 5630, -5830, 6425)
ID: 174
(-6095, -6230, -6055, -6175)
ID: 175
(-6095, -5590, -6055, -5470)
ID: 176
(-6095, 5650, -6055, 5770)
ID: 177
(-6095, 6355, -6055, 6410)
ID: 178
(-6050, -5150, -6010, -5030)
ID: 179
(-6050, -4445, -6010, -4390)
ID: 180
(-6050, -4085, -5830, -3290)
ID: 181
(-6050, -470, -6010, -430)
ID: 182
(-6050, 235, -5830, 1030)
ID: 183
(-6050, 890, -6010, 1010)
ID: 184
(-6050, 1330, -6010, 1450)
ID: 185
(-6050, 2395, -6010, 3190)
ID: 186
(-6050, 3490, -6010, 3610)
ID: 187
(-6005, -6245, -5920, -5450)
ID: 188
(-6005, -830, -5965, -710)
ID: 189
(-6005, -125, -5965, -70)
ID: 190
(-5960, -5170, -5920, -4375)
ID: 191
(-5960, -3010, -5920, -2215)
ID: 192
(-5960, 1780, -5920, 1820)
ID: 193
(-5960, 2410, -5920, 2465)
ID: 194
(-5960, 2770, -5920, 2810)
ID: 195
(-5960, 3050, -5920, 3170)
ID: 196
(-5960, 3940, -5920, 3980)
ID: 197
(-5960, 4075, -5830, 4115)
ID: 198
(-5960, 4570, -5920, 4625)
ID: 199
(-5960, 4840, -5920, 4880)
ID: 200
(-5960, 4555, -5830, 5350)
ID: 201
(-5915, -6230, -5875, -6175)
ID: 202
(-5915, -5590, -5875, -5470)
ID: 203
(-5915, -850, -5830, -55)
ID: 204
(-5870, -6245, -5785, -5450)
ID: 205
(-5870, -4070, -5830, -4015)
ID: 206
(-5870, -4085, -5740, -3290)
ID: 207
(-5870, -2990, -5830, -2870)
ID: 208
(-5870, -3010, -5650, -2215)
ID: 209
(-5870, -2285, -5830, -2230)
ID: 210
(-5870, -1910, -5830, -1855)
ID: 211
(-5870, -1925, -5650, -1130)
ID: 212
(-5870, -1270, -5830, -1150)
ID: 213
(-5870, 250, -5830, 305)
ID: 214
(-5870, 430, -5830, 470)
ID: 215
(-5870, 890, -5830, 1010)
ID: 216
(-5870, 1330, -5830, 1450)
ID: 217
(-5870, 1690, -5830, 1730)
ID: 218
(-5870, 2035, -5830, 2090)
ID: 219
(-5870, 3490, -5830, 3610)
ID: 220
(-5870, 3470, -5470, 4265)
ID: 221
(-5870, 3850, -5830, 3890)
ID: 222
(-5870, 4195, -5830, 4250)
ID: 223
(-5825, -830, -5785, -710)
ID: 224
(-5825, -125, -5785, -70)
ID: 225
(-5825, 2395, -5740, 3190)
ID: 226
(-5780, -5870, -5740, -5830)
ID: 227
(-5780, -2630, -5740, -2590)
ID: 228
(-5780, -1550, -5740, -1510)
ID: 229
(-5780, -850, -5695, -55)
ID: 230
(-5780, 235, -5650, 1030)
ID: 231
(-5780, 4570, -5740, 4625)
ID: 232
(-5780, 4930, -5740, 4970)
ID: 233
(-5780, 5210, -5740, 5330)
ID: 234
(-5780, 5650, -5740, 5770)
ID: 235
(-5780, 6010, -5605, 6050)
ID: 236
(-5780, 6355, -5740, 6410)
ID: 237
(-5735, -6230, -5695, -6175)
ID: 238
(-5735, -5590, -5695, -5470)
ID: 239
(-5735, 2410, -5695, 2465)
ID: 240
(-5735, 3050, -5695, 3170)
ID: 241
(-5690, -5150, -5650, -5030)
ID: 242
(-5690, -4790, -5650, -4750)
ID: 243
(-5690, -4445, -5650, -4390)
ID: 244
(-5690, -4070, -5650, -4015)
ID: 245
(-5690, -3710, -5650, -3670)
ID: 246
(-5690, -4085, -5380, -3290)
ID: 247
(-5690, -3430, -5650, -3310)
ID: 248
(-5690, -2450, -5650, -2410)
ID: 249
(-5690, -2285, -5650, -2230)
ID: 250
(-5690, -1910, -5650, -1855)
ID: 251
(-5690, -1730, -5650, -1690)
ID: 252
(-5690, -470, -5515, -430)
ID: 253
(-5690, 2395, -5605, 3190)
ID: 254
(-5645, -6245, -5560, -5450)
ID: 255
(-5645, -3800, -5470, -3760)
ID: 256
(-5645, -830, -5605, -710)
ID: 257
(-5645, -125, -5605, -70)
ID: 258
(-5600, -5170, -5470, -4375)
ID: 259
(-5600, -4700, -5560, -4660)
ID: 260
(-5600, 235, -5560, 1030)
ID: 261
(-5600, 1310, -5560, 2105)
ID: 262
(-5600, 2770, -5560, 2810)
ID: 263
(-5600, 3940, -5560, 3980)
ID: 264
(-5600, 4195, -5560, 4250)
ID: 265
(-5600, 4555, -5560, 5350)
ID: 266
(-5555, -6230, -5515, -6175)
ID: 267
(-5555, -5590, -5515, -5470)
ID: 268
(-5555, -1925, -5290, -1130)
ID: 269
(-5555, 2410, -5515, 2465)
ID: 270
(-5555, 3050, -5515, 3170)
ID: 271
(-5510, -6245, -5425, -5450)
ID: 272
(-5510, -5150, -5470, -5030)
ID: 273
(-5510, -4070, -5470, -4015)
ID: 274
(-5510, -3010, -5470, -2215)
ID: 275
(-5510, 250, -5470, 305)
ID: 276
(-5510, 475, -5380, 515)
ID: 277
(-5510, 610, -5470, 650)
ID: 278
(-5510, 890, -5470, 1010)
ID: 279
(-5510, 1330, -5470, 1450)
ID: 280
(-5510, 1310, -5290, 2105)
ID: 281
(-5510, 2035, -5470, 2090)
ID: 282
(-5510, 4570, -5470, 4625)
ID: 283
(-5510, 4555, -5290, 5350)
ID: 284
(-5510, 4930, -5470, 4970)
ID: 285
(-5510, 5210, -5470, 5330)
ID: 286
(-5510, 5650, -5470, 5770)
ID: 287
(-5510, 5630, -5380, 6425)
ID: 288
(-5465, 2395, -5290, 3190)
ID: 289
(-5420, -6245, -5200, -5450)
ID: 290
(-5420, -2990, -5380, -2870)
ID: 291
(-5420, -2630, -5380, -2590)
ID: 292
(-5420, -2285, -5380, -2230)
ID: 293
(-5420, -850, -5380, -55)
ID: 294
(-5420, 3490, -5380, 3610)
ID: 295
(-5420, 3850, -5380, 3890)
ID: 296
(-5420, 3470, -5200, 4265)
ID: 297
(-5420, 4195, -5380, 4250)
ID: 298
(-5420, 6100, -5155, 6140)
ID: 299
(-5375, -6230, -5335, -6175)
ID: 300
(-5375, -5590, -5335, -5470)
ID: 301
(-5375, -3010, -4750, -2230)
ID: 302
(-5375, 235, -5290, 1030)
ID: 303
(-5330, -5150, -5290, -5030)
ID: 304
(-5330, -4790, -5290, -4750)
ID: 305
(-5330, -4445, -5290, -4390)
ID: 306
(-5330, -4070, -5290, -4015)
ID: 307
(-5330, -3710, -5290, -3670)
ID: 308
(-5330, -3430, -5290, -3310)
ID: 309
(-5330, -830, -5290, -710)
ID: 310
(-5330, -850, -5110, -55)
ID: 311
(-5330, -125, -5290, -70)
ID: 312
(-5330, 5650, -5290, 5770)
ID: 313
(-5330, 6010, -5110, 6050)
ID: 314
(-5330, 6355, -5290, 6410)
ID: 315
(-5285, -2540, -5020, -2500)
ID: 316
(-5285, 250, -5245, 305)
ID: 317
(-5285, 890, -5245, 1010)
ID: 318
(-5240, -5170, -4795, -4390)
ID: 319
(-5240, -4700, -5200, -4660)
ID: 320
(-5240, -1910, -5200, -1855)
ID: 321
(-5240, -1550, -5065, -1510)
ID: 322
(-5240, -1270, -5200, -1150)
ID: 323
(-5240, -560, -5200, -430)
ID: 324
(-5240, 235, -5155, 1030)
ID: 325
(-5240, 1330, -5200, 1450)
ID: 326
(-5240, 1310, -5020, 2105)
ID: 327
(-5240, 2035, -5200, 2090)
ID: 328
(-5240, 2410, -5200, 2465)
ID: 329
(-5240, 2395, -4930, 3190)
ID: 330
(-5240, 3050, -5200, 3170)
ID: 331
(-5240, 4570, -5200, 4625)
ID: 332
(-5240, 4750, -5200, 4790)
ID: 333
(-5240, 4555, -5020, 5350)
ID: 334
(-5240, 5210, -5200, 5330)
ID: 335
(-5150, -6230, -5110, -6175)
ID: 336
(-5150, -6245, -4930, -5450)
ID: 337
(-5150, -5590, -5110, -5470)
ID: 338
(-5150, -5150, -5110, -5030)
ID: 339
(-5150, -4085, -5110, -3290)
ID: 340
(-5150, -2990, -5110, -2870)
ID: 341
(-5150, -2630, -5110, -2590)
ID: 342
(-5150, -2285, -5110, -2230)
ID: 343
(-5150, -290, -5110, -250)
ID: 344
(-5150, -125, -5110, -70)
ID: 345
(-5150, 610, -5110, 650)
ID: 346
(-5150, 1690, -5110, 1730)
ID: 347
(-5150, 2860, -5110, 2900)
ID: 348
(-5150, 3490, -5110, 3610)
ID: 349
(-5150, 3470, -4930, 4265)
ID: 350
(-5150, 4030, -5110, 4070)
ID: 351
(-5150, 4195, -5110, 4250)
ID: 352
(-5150, 5650, -5110, 5770)
ID: 353
(-5150, 6355, -5110, 6410)
ID: 354
(-5105, -1775, -4840, -1735)
ID: 355
(-5105, -1415, -4930, -1375)
ID: 356
(-5105, 250, -5065, 305)
ID: 357
(-5105, 890, -5065, 1010)
ID: 358
(-5060, -4610, -5020, -4570)
ID: 359
(-5060, -4070, -5020, -4015)
ID: 360
(-5060, -4085, -4750, -3290)
ID: 361
(-5060, -3430, -5020, -3310)
ID: 362
(-5060, 1870, -5020, 1910)
ID: 363
(-5060, 2035, -5020, 2090)
ID: 364
(-5060, 2590, -5020, 2630)
ID: 365
(-5060, 3050, -5020, 3170)
ID: 366
(-5060, 4930, -5020, 4970)
ID: 367
(-5060, 5210, -5020, 5330)
ID: 368
(-5060, 5630, -4930, 6425)
ID: 369
(-5060, 6100, -5020, 6140)
ID: 370
(-5015, 4555, -4840, 5350)
ID: 371
(-4970, -5150, -4930, -5030)
ID: 372
(-4970, -5170, -4525, -4375)
ID: 373
(-4970, -3620, -4930, -3580)
ID: 374
(-4970, -2990, -4930, -2870)
ID: 375
(-4970, -850, -4930, -55)
ID: 376
(-4970, 235, -4840, 1030)
ID: 377
(-4970, 2770, -4930, 2810)
ID: 378
(-4970, 3490, -4930, 3610)
ID: 379
(-4970, 3850, -4930, 3890)
ID: 380
(-4970, 5650, -4930, 5770)
ID: 381
(-4880, -6230, -4840, -6175)
ID: 382
(-4880, -5870, -4660, -5830)
ID: 383
(-4880, -5590, -4840, -5470)
ID: 384
(-4880, -3890, -4840, -3850)
ID: 385
(-4880, -3430, -4840, -3310)
ID: 386
(-4880, -3010, -4480, -2215)
ID: 387
(-4880, -2450, -4840, -2410)
ID: 388
(-4880, -1910, -4840, -1855)
ID: 389
(-4880, -1550, -4840, -1510)
ID: 390
(-4880, -1270, -4840, -1150)
ID: 391
(-4880, -830, -4840, -710)
ID: 392
(-4880, -850, -4570, -55)
ID: 393
(-4880, -125, -4840, -70)
ID: 394
(-4880, 250, -4840, 305)
ID: 395
(-4880, 430, -4840, 470)
ID: 396
(-4880, 235, -4660, 1030)
ID: 397
(-4880, 890, -4840, 1010)
ID: 398
(-4880, 1330, -4840, 1450)
ID: 399
(-4880, 1780, -4840, 1820)
ID: 400
(-4880, 1310, -4570, 2090)
ID: 401
(-4835, 2395, -4660, 3190)
ID: 402
(-4790, -3710, -4750, -3670)
ID: 403
(-4790, -2990, -4750, -2870)
ID: 404
(-4790, -2540, -4750, -2500)
ID: 405
(-4790, -1640, -4750, -1600)
ID: 406
(-4790, -1910, -4480, -1130)
ID: 407
(-4790, -560, -4750, -520)
ID: 408
(-4790, 1870, -4750, 1910)
ID: 409
(-4790, 4570, -4750, 4625)
ID: 410
(-4790, 4750, -4660, 4790)
ID: 411
(-4790, 4555, -4570, 5350)
ID: 412
(-4790, 5210, -4750, 5330)
ID: 413
(-4790, 5650, -4750, 5770)
ID: 414
(-4790, 6010, -4750, 6050)
ID: 415
(-4790, 6355, -4750, 6410)
ID: 416
(-4745, 3470, -4570, 4265)
ID: 417
(-4700, -6230, -4660, -6175)
ID: 418
(-4700, -5590, -4660, -5470)
ID: 419
(-4700, -1270, -4660, -1150)
ID: 420
(-4700, -830, -4660, -710)
ID: 421
(-4700, -290, -4660, -250)
ID: 422
(-4700, 610, -4660, 650)
ID: 423
(-4700, 235, -4390, 1030)
ID: 424
(-4700, 890, -4660, 1010)
ID: 425
(-4700, 1330, -4660, 1450)
ID: 426
(-4700, 3940, -4660, 3980)
ID: 427
(-4700, 4195, -4660, 4250)
ID: 428
(-4700, 5630, -4300, 6425)
ID: 429
(-4610, -6245, -4570, -5450)
ID: 430
(-4610, -5150, -4570, -5030)
ID: 431
(-4610, -4790, -4570, -4750)
ID: 432
(-4610, -4445, -4570, -4390)
ID: 433
(-4610, -4085, -4300, -3290)
ID: 434
(-4610, -3710, -4570, -3670)
ID: 435
(-4610, -1730, -3940, -1690)
ID: 436
(-4610, -470, -4570, -430)
ID: 437
(-4610, 1780, -4570, 1820)
ID: 438
(-4610, 2410, -4570, 2465)
ID: 439
(-4610, 2590, -4570, 2630)
ID: 440
(-4610, 2395, -4390, 3190)
ID: 441
(-4610, 3050, -4570, 3170)
ID: 442
(-4610, 4930, -4435, 4970)
ID: 443
(-4610, 5210, -4570, 5330)
ID: 444
(-4610, 6100, -4570, 6140)
ID: 445
(-4610, 6355, -4570, 6410)
ID: 446
(-4520, -3890, -4480, -3850)
ID: 447
(-4520, -3430, -4480, -3310)
ID: 448
(-4520, -1640, -4345, -1600)
ID: 449
(-4520, -1270, -4480, -1150)
ID: 450
(-4520, 250, -4480, 305)
ID: 451
(-4520, 520, -4480, 560)
ID: 452
(-4520, 1330, -4480, 1450)
ID: 453
(-4520, 1690, -4480, 1730)
ID: 454
(-4520, 2035, -4480, 2090)
ID: 455
(-4520, 3490, -4480, 3610)
ID: 456
(-4520, 3470, -4030, 4265)
ID: 457
(-4520, 3850, -4480, 3890)
ID: 458
(-4520, 4195, -4480, 4250)
ID: 459
(-4475, -5870, -4300, -5830)
ID: 460
(-4475, -4610, -4300, -4570)
ID: 461
(-4475, 4555, -4300, 5350)
ID: 462
(-4430, -5150, -4390, -5030)
ID: 463
(-4430, -4700, -4300, -4660)
ID: 464
(-4430, -5170, -4075, -4390)
ID: 465
(-4430, -3620, -4390, -3580)
ID: 466
(-4430, -2990, -4390, -2870)
ID: 467
(-4430, -3010, -4120, -2215)
ID: 468
(-4430, -2285, -4390, -2230)
ID: 469
(-4430, -830, -4390, -710)
ID: 470
(-4430, -850, -4300, -55)
ID: 471
(-4430, 2770, -4120, 2810)
ID: 472
(-4430, 3050, -4390, 3170)
ID: 473
(-4430, 5650, -4390, 5770)
ID: 474
(-4430, 6100, -4390, 6140)
ID: 475
(-4430, 5630, -4120, 6410)
ID: 476
(-4385, 1310, -4300, 2105)
ID: 477
(-4340, -6245, -4120, -5450)
ID: 478
(-4340, -5590, -4300, -5470)
ID: 479
(-4340, -4070, -4300, -4015)
ID: 480
(-4340, -3430, -4300, -3310)
ID: 481
(-4340, -2720, -4300, -2680)
ID: 482
(-4340, -380, -4300, -340)
ID: 483
(-4340, 250, -4300, 305)
ID: 484
(-4340, 610, -4300, 650)
ID: 485
(-4340, 890, -4300, 1010)
ID: 486
(-4295, 1330, -4255, 1450)
ID: 487
(-4295, 2035, -4255, 2090)
ID: 488
(-4250, -5150, -4210, -5030)
ID: 489
(-4250, -4085, -4075, -3290)
ID: 490
(-4250, -2990, -4210, -2870)
ID: 491
(-4250, -2450, -4210, -2410)
ID: 492
(-4250, -830, -4210, -710)
ID: 493
(-4250, -470, -4210, -430)
ID: 494
(-4250, -125, -4210, -70)
ID: 495
(-4250, 1310, -4165, 2105)
ID: 496
(-4250, 3490, -4210, 3610)
ID: 497
(-4250, 3850, -4210, 3890)
ID: 498
(-4250, 4195, -4210, 4250)
ID: 499
(-4250, 4570, -4210, 4625)
ID: 500
(-4250, 4750, -4210, 4790)
ID: 501
(-4250, 4555, -4030, 5350)
ID: 502
(-4250, 5210, -4210, 5330)
ID: 503
(-4250, 5650, -4210, 5770)
ID: 504
(-4205, -1640, -4030, -1600)
ID: 505
(-4205, -1505, -4075, -1465)
ID: 506
(-4160, -6230, -4120, -6175)
ID: 507
(-4160, -6050, -4120, -6010)
ID: 508
(-4160, -5590, -4120, -5470)
ID: 509
(-4160, -4700, -3895, -4660)
ID: 510
(-4160, -2630, -3940, -2590)
ID: 511
(-4160, 235, -4120, 1030)
ID: 512
(-4160, 1690, -4120, 1730)
ID: 513
(-4160, 2395, -3940, 3190)
ID: 514
(-4160, 3050, -4120, 3170)
ID: 515
(-4160, 6100, -3805, 6140)
ID: 516
(-4115, 1330, -4075, 1450)
ID: 517
(-4115, 2035, -4075, 2090)
ID: 518
(-4070, -6245, -3805, -5450)
ID: 519
(-4070, -5150, -4030, -5030)
ID: 520
(-4070, -4790, -4030, -4750)
ID: 521
(-4070, -4445, -4030, -4390)
ID: 522
(-4070, -4070, -4030, -4015)
ID: 523
(-4070, -3710, -4030, -3670)
ID: 524
(-4070, -3430, -4030, -3310)
ID: 525
(-4070, -1910, -3760, -1130)
ID: 526
(-4070, -1270, -4030, -1150)
ID: 527
(-4070, -830, -4030, -710)
ID: 528
(-4070, -470, -4030, -430)
ID: 529
(-4070, -125, -4030, -70)
ID: 530
(-4070, 250, -4030, 305)
ID: 531
(-4070, 235, -3760, 1030)
ID: 532
(-4070, 890, -4030, 1010)
ID: 533
(-4070, 3940, -3940, 3980)
ID: 534
(-4070, 4195, -4030, 4250)
ID: 535
(-4070, 4930, -3895, 4970)
ID: 536
(-4070, 5210, -4030, 5330)
ID: 537
(-4070, 5650, -4030, 5770)
ID: 538
(-4070, 6010, -4030, 6050)
ID: 539
(-4070, 6355, -4030, 6410)
ID: 540
(-3980, -4085, -3760, -3290)
ID: 541
(-3980, -3010, -3670, -2215)
ID: 542
(-3980, -850, -3940, -55)
ID: 543
(-3980, 700, -3940, 740)
ID: 544
(-3980, 2410, -3940, 2465)
ID: 545
(-3980, 2590, -3940, 2630)
ID: 546
(-3980, 3050, -3940, 3170)
ID: 547
(-3980, 3470, -3850, 4265)
ID: 548
(-3935, -5870, -3760, -5830)
ID: 549
(-3935, 5875, -3760, 5915)
ID: 550
(-3890, -2990, -3850, -2870)
ID: 551
(-3890, -2450, -3850, -2410)
ID: 552
(-3890, -1270, -3850, -1150)
ID: 553
(-3890, 430, -3850, 470)
ID: 554
(-3890, 890, -3850, 1010)
ID: 555
(-3890, 2395, -3850, 3190)
ID: 556
(-3845, -850, -3760, -55)
ID: 557
(-3800, -6245, -3580, -5450)
ID: 558
(-3800, -5590, -3760, -5470)
ID: 559
(-3800, -5150, -3760, -5030)
ID: 560
(-3800, -4790, -3760, -4750)
ID: 561
(-3800, -4445, -3760, -4390)
ID: 562
(-3800, -4070, -3760, -4015)
ID: 563
(-3800, -3430, -3760, -3310)
ID: 564
(-3800, -2720, -3760, -2680)
ID: 565
(-3800, -1640, -3760, -1600)
ID: 566
(-3800, 610, -3760, 650)
ID: 567
(-3800, 3490, -3760, 3610)
ID: 568
(-3800, 3470, -3580, 4265)
ID: 569
(-3800, 4030, -3760, 4070)
ID: 570
(-3800, 4195, -3760, 4250)
ID: 571
(-3800, 4555, -3760, 5350)
ID: 572
(-3800, 5650, -3760, 5770)
ID: 573
(-3800, 6010, -3760, 6050)
ID: 574
(-3800, 6355, -3760, 6410)
ID: 575
(-3755, -830, -3715, -710)
ID: 576
(-3755, -125, -3715, -70)
ID: 577
(-3755, 2395, -3670, 3190)
ID: 578
(-3710, -5170, -3445, -4375)
ID: 579
(-3710, -4700, -3670, -4660)
ID: 580
(-3710, -4085, -3580, -3290)
ID: 581
(-3710, -3800, -3670, -3760)
ID: 582
(-3710, -2990, -3670, -2870)
ID: 583
(-3710, -2285, -3670, -2230)
ID: 584
(-3710, -1910, -3670, -1855)
ID: 585
(-3710, -1550, -3670, -1510)
ID: 586
(-3710, -1270, -3670, -1150)
ID: 587
(-3710, -850, -3625, -55)
ID: 588
(-3710, 1330, -3670, 1450)
ID: 589
(-3710, 1690, -3670, 1730)
ID: 590
(-3710, 2035, -3670, 2090)
ID: 591
(-3710, 4570, -3670, 4625)
ID: 592
(-3710, 4930, -3580, 4970)
ID: 593
(-3710, 5210, -3670, 5330)
ID: 594
(-3710, 5630, -3580, 6425)
ID: 595
(-3710, 6100, -3670, 6140)
ID: 596
(-3665, 610, -3400, 650)
ID: 597
(-3665, 2410, -3625, 2465)
ID: 598
(-3665, 3050, -3625, 3170)
ID: 599
(-3620, -6230, -3580, -6175)
ID: 600
(-3620, -6050, -3580, -6010)
ID: 601
(-3620, -5590, -3580, -5470)
ID: 602
(-3620, -5150, -3580, -5030)
ID: 603
(-3620, -3430, -3580, -3310)
ID: 604
(-3620, -3010, -3085, -2215)
ID: 605
(-3620, -470, -3580, -430)
ID: 606
(-3620, 1310, -3580, 2105)
ID: 607
(-3620, 2395, -3535, 3190)
ID: 608
(-3620, 3490, -3580, 3610)
ID: 609
(-3620, 3850, -3580, 3890)
ID: 610
(-3620, 5650, -3580, 5770)
ID: 611
(-3575, -830, -3535, -710)
ID: 612
(-3575, -125, -3535, -70)
ID: 613
(-3530, -6245, -3355, -5450)
ID: 614
(-3530, -4085, -3310, -3290)
ID: 615
(-3530, 2770, -3490, 2810)
ID: 616
(-3530, 4555, -3490, 5350)
ID: 617
(-3485, -1640, -3040, -1600)
ID: 618
(-3485, -850, -3220, -55)
ID: 619
(-3485, 2410, -3445, 2465)
ID: 620
(-3485, 3050, -3445, 3170)
ID: 621
(-3485, 6190, -3220, 6230)
ID: 622
(-3440, -4070, -3400, -4015)
ID: 623
(-3440, -3710, -3400, -3670)
ID: 624
(-3440, -3430, -3400, -3310)
ID: 625
(-3440, 250, -3400, 305)
ID: 626
(-3440, 890, -3400, 1010)
ID: 627
(-3440, 1310, -3400, 2105)
ID: 628
(-3440, 4570, -3400, 4625)
ID: 629
(-3440, 4750, -3400, 4790)
ID: 630
(-3440, 4555, -3220, 5350)
ID: 631
(-3440, 5210, -3400, 5330)
ID: 632
(-3350, -6245, -3130, -5450)
ID: 633
(-3350, -5870, -3310, -5830)
ID: 634
(-3350, -5590, -3310, -5470)
ID: 635
(-3350, -5150, -3310, -5030)
ID: 636
(-3350, -4790, -3310, -4750)
ID: 637
(-3350, -5170, -3130, -4375)
ID: 638
(-3350, -830, -3310, -710)
ID: 639
(-3350, 235, -3310, 1030)
ID: 640
(-3350, 1330, -3310, 1450)
ID: 641
(-3350, 1690, -3310, 1730)
ID: 642
(-3350, 2035, -3310, 2090)
ID: 643
(-3350, 2395, -3310, 3190)
ID: 644
(-3350, 3490, -3310, 3610)
ID: 645
(-3350, 3850, -3310, 3890)
ID: 646
(-3350, 4195, -3310, 4250)
ID: 647
(-3305, 1310, -3130, 2105)
ID: 648
(-3260, -380, -3085, -340)
ID: 649
(-3260, 2410, -3220, 2465)
ID: 650
(-3260, 2590, -3220, 2630)
ID: 651
(-3260, 2395, -3040, 3190)
ID: 652
(-3260, 3050, -3220, 3170)
ID: 653
(-3260, 3470, -2950, 4265)
ID: 654
(-3260, 4930, -3220, 4970)
ID: 655
(-3260, 5065, -3085, 5105)
ID: 656
(-3260, 5210, -3220, 5330)
ID: 657
(-3260, 5630, -3040, 6425)
ID: 658
(-3260, 6355, -3220, 6410)
ID: 659
(-3170, -6230, -3130, -6175)
ID: 660
(-3170, -6050, -3130, -6010)
ID: 661
(-3170, -5590, -3130, -5470)
ID: 662
(-3170, -5150, -3130, -5030)
ID: 663
(-3170, -4610, -3130, -4570)
ID: 664
(-3170, -4445, -3130, -4390)
ID: 665
(-3170, -4085, -3040, -3290)
ID: 666
(-3170, -3430, -3130, -3310)
ID: 667
(-3170, -1910, -3130, -1855)
ID: 668
(-3170, -1550, -3130, -1510)
ID: 669
(-3170, -1270, -3130, -1150)
ID: 670
(-3170, -830, -3130, -710)
ID: 671
(-3170, -850, -2860, -55)
ID: 672
(-3170, -125, -3130, -70)
ID: 673
(-3170, 6010, -3130, 6050)
ID: 674
(-3125, -605, -2995, -565)
ID: 675
(-3125, 5630, -2950, 6425)
ID: 676
(-3080, -6245, -2950, -5450)
ID: 677
(-3080, -5170, -3040, -4375)
ID: 678
(-3080, -3800, -2905, -3760)
ID: 679
(-3080, -1910, -2725, -1130)
ID: 680
(-3080, 1330, -3040, 1450)
ID: 681
(-3080, 1690, -3040, 1730)
ID: 682
(-3080, 2035, -3040, 2090)
ID: 683
(-3080, 2770, -2905, 2810)
ID: 684
(-3080, 3050, -3040, 3170)
ID: 685
(-3080, 5650, -3040, 5770)
ID: 686
(-3080, 6355, -3040, 6410)
ID: 687
(-3035, -2630, -2860, -2590)
ID: 688
(-3035, -3010, -2680, -2215)
ID: 689
(-3035, 250, -2590, 1030)
ID: 690
(-2990, -4070, -2950, -4015)
ID: 691
(-2990, -4070, -2590, -3290)
ID: 692
(-2990, -3430, -2950, -3310)
ID: 693
(-2990, -1270, -2950, -1150)
ID: 694
(-2990, 250, -2950, 305)
ID: 695
(-2990, 610, -2950, 650)
ID: 696
(-2990, 890, -2950, 1010)
ID: 697
(-2990, 3490, -2950, 3610)
ID: 698
(-2990, 4195, -2950, 4250)
ID: 699
(-2990, 4555, -2770, 5350)
ID: 700
(-2990, 4930, -2950, 4970)
ID: 701
(-2990, 5210, -2950, 5330)
ID: 702
(-2945, 2395, -2770, 3190)
ID: 703
(-2900, -6245, -2860, -5450)
ID: 704
(-2900, -5150, -2860, -5030)
ID: 705
(-2900, -4790, -2860, -4750)
ID: 706
(-2900, -4445, -2860, -4390)
ID: 707
(-2900, -2990, -2860, -2870)
ID: 708
(-2900, -2285, -2860, -2230)
ID: 709
(-2900, -1730, -2860, -1690)
ID: 710
(-2900, 520, -2860, 560)
ID: 711
(-2900, 1310, -2770, 2105)
ID: 712
(-2900, 1780, -2860, 1820)
ID: 713
(-2900, 2035, -2860, 2090)
ID: 714
(-2900, 3470, -2680, 4250)
ID: 715
(-2900, 3940, -2860, 3980)
ID: 716
(-2810, -6230, -2770, -6175)
ID: 717
(-2810, -6050, -2770, -6010)
ID: 718
(-2810, -6245, -2590, -5450)
ID: 719
(-2810, -5590, -2770, -5470)
ID: 720
(-2810, -5170, -2680, -4375)
ID: 721
(-2810, -3890, -2770, -3850)
ID: 722
(-2810, -830, -2770, -710)
ID: 723
(-2810, -850, -2590, -55)
ID: 724
(-2810, -125, -2770, -70)
ID: 725
(-2810, 890, -2770, 1010)
ID: 726
(-2810, 3490, -2770, 3610)
ID: 727
(-2810, 4570, -2770, 4625)
ID: 728
(-2810, 4750, -2770, 4790)
ID: 729
(-2810, 5210, -2770, 5330)
ID: 730
(-2720, -5170, -2500, -4375)
ID: 731
(-2720, -4445, -2680, -4390)
ID: 732
(-2720, -3430, -2680, -3310)
ID: 733
(-2720, -2540, -2680, -2500)
ID: 734
(-2720, -2285, -2680, -2230)
ID: 735
(-2720, -470, -2680, -430)
ID: 736
(-2720, 235, -2140, 1030)
ID: 737
(-2720, 1330, -2680, 1450)
ID: 738
(-2720, 1310, -2500, 2105)
ID: 739
(-2720, 2035, -2680, 2090)
ID: 740
(-2720, 2410, -2680, 2465)
ID: 741
(-2720, 2590, -2680, 2630)
ID: 742
(-2720, 2395, -2500, 3190)
ID: 743
(-2720, 3050, -2680, 3170)
ID: 744
(-2720, 3470, -2410, 4265)
ID: 745
(-2720, 4030, -2680, 4070)
ID: 746
(-2720, 4555, -2500, 5350)
ID: 747
(-2630, -5870, -2590, -5830)
ID: 748
(-2630, -5590, -2590, -5470)
ID: 749
(-2630, -3800, -2410, -3760)
ID: 750
(-2630, -1925, -2410, -1130)
ID: 751
(-2630, -1550, -2590, -1510)
ID: 752
(-2630, -1270, -2590, -1150)
ID: 753
(-2630, -290, -2410, -250)
ID: 754
(-2630, -125, -2590, -70)
ID: 755
(-2630, 520, -2590, 560)
ID: 756
(-2630, 890, -2590, 1010)
ID: 757
(-2630, 5650, -2590, 5770)
ID: 758
(-2630, 6010, -2590, 6050)
ID: 759
(-2630, 5630, -2410, 6425)
ID: 760
(-2540, -4070, -2500, -4015)
ID: 761
(-2540, -3890, -2410, -3850)
ID: 762
(-2540, -3710, -2500, -3670)
ID: 763
(-2540, -3430, -2500, -3310)
ID: 764
(-2540, -3010, -2230, -2215)
ID: 765
(-2540, -2630, -2500, -2590)
ID: 766
(-2540, 2770, -2500, 2810)
ID: 767
(-2540, 3050, -2500, 3170)
ID: 768
(-2540, 3490, -2500, 3610)
ID: 769
(-2540, 4570, -2500, 4625)
ID: 770
(-2540, 4555, -2410, 5350)
ID: 771
(-2495, 610, -2320, 650)
ID: 772
(-2450, -5150, -2410, -5030)
ID: 773
(-2450, -5170, -2230, -4375)
ID: 774
(-2450, -4610, -2410, -4570)
ID: 775
(-2450, -4445, -2410, -4390)
ID: 776
(-2450, -2990, -2410, -2870)
ID: 777
(-2450, -2450, -2410, -2410)
ID: 778
(-2450, -1910, -2410, -1855)
ID: 779
(-2450, -1730, -2410, -1690)
ID: 780
(-2450, -1270, -2410, -1150)
ID: 781
(-2450, -850, -2230, -55)
ID: 782
(-2450, -125, -2410, -70)
ID: 783
(-2450, 1330, -2410, 1450)
ID: 784
(-2450, 1310, -2230, 2105)
ID: 785
(-2450, 1870, -2410, 1910)
ID: 786
(-2450, 2035, -2410, 2090)
ID: 787
(-2450, 3940, -2410, 3980)
ID: 788
(-2450, 5650, -2410, 5770)
ID: 789
(-2450, 6190, -2410, 6230)
ID: 790
(-2450, 6355, -2410, 6410)
ID: 791
(-2360, -6245, -2140, -5450)
ID: 792
(-2360, -5870, -2320, -5830)
ID: 793
(-2360, -5590, -2320, -5470)
ID: 794
(-2360, -4085, -2050, -3290)
ID: 795
(-2360, -3710, -2320, -3670)
ID: 796
(-2360, -2720, -2320, -2680)
ID: 797
(-2360, -1925, -2050, -1130)
ID: 798
(-2360, -470, -2320, -430)
ID: 799
(-2360, 250, -2320, 305)
ID: 800
(-2360, 890, -2320, 1010)
ID: 801
(-2360, 3490, -2320, 3610)
ID: 802
(-2360, 3850, -2320, 3890)
ID: 803
(-2360, 4195, -2320, 4250)
ID: 804
(-2360, 4570, -2320, 4625)
ID: 805
(-2360, 4930, -2320, 4970)
ID: 806
(-2360, 4555, -1960, 5350)
ID: 807
(-2360, 5210, -2320, 5330)
ID: 808
(-2360, 5630, -2140, 6425)
ID: 809
(-2315, 4840, -2050, 4880)
ID: 810
(-2270, -5150, -2230, -5030)
ID: 811
(-2270, -4790, -2230, -4750)
ID: 812
(-2270, -3890, -2230, -3850)
ID: 813
(-2270, -3430, -2230, -3310)
ID: 814
(-2270, -2990, -2230, -2870)
ID: 815
(-2270, -2285, -2230, -2230)
ID: 816
(-2270, -830, -2230, -710)
ID: 817
(-2270, -125, -2230, -70)
ID: 818
(-2270, 1330, -2230, 1450)
ID: 819
(-2270, 1690, -2230, 1730)
ID: 820
(-2180, -6230, -2140, -6175)
ID: 821
(-2180, -6050, -2140, -6010)
ID: 822
(-2180, -5590, -2140, -5470)
ID: 823
(-2180, -3620, -2140, -3580)
ID: 824
(-2180, -3010, -2050, -2215)
ID: 825
(-2180, -850, -1960, -55)
ID: 826
(-2180, 250, -2140, 305)
ID: 827
(-2180, 235, -1780, 1030)
ID: 828
(-2180, 2395, -2050, 3190)
ID: 829
(-2180, 3050, -2140, 3170)
ID: 830
(-2180, 3470, -1960, 4250)
ID: 831
(-2180, 4030, -2140, 4070)
ID: 832
(-2180, 5630, -2050, 6425)
ID: 833
(-2180, 6355, -2140, 6410)
ID: 834
(-2090, -6245, -1870, -5450)
ID: 835
(-2090, -5150, -2050, -5030)
ID: 836
(-2090, -4790, -2050, -4750)
ID: 837
(-2090, -5170, -1870, -4375)
ID: 838
(-2090, -4070, -2050, -4015)
ID: 839
(-2090, -3430, -2050, -3310)
ID: 840
(-2090, -3010, -1960, -2215)
ID: 841
(-2090, -1910, -2050, -1855)
ID: 842
(-2090, -1925, -1960, -1130)
ID: 843
(-2090, 1330, -2050, 1450)
ID: 844
(-2090, 1310, -1960, 2105)
ID: 845
(-2090, 2680, -1915, 2720)
ID: 846
(-2090, 3490, -2050, 3610)
ID: 847
(-2090, 4570, -2050, 4625)
ID: 848
(-2045, -380, -1870, -340)
ID: 849
(-2000, -4085, -1870, -3290)
ID: 850
(-2000, -830, -1960, -710)
ID: 851
(-2000, -125, -1960, -70)
ID: 852
(-2000, 1690, -1870, 1730)
ID: 853
(-2000, 1780, -1825, 1820)
ID: 854
(-2000, 2410, -1960, 2465)
ID: 855
(-2000, 2395, -1780, 3190)
ID: 856
(-2000, 3050, -1960, 3170)
ID: 857
(-2000, 3940, -1825, 3980)
ID: 858
(-2000, 5650, -1960, 5770)
ID: 859
(-2000, 6010, -1960, 6050)
ID: 860
(-2000, 6355, -1960, 6410)
ID: 861
(-1910, -6230, -1870, -6175)
ID: 862
(-1910, -5590, -1870, -5470)
ID: 863
(-1910, -5150, -1870, -5030)
ID: 864
(-1910, -4610, -1870, -4570)
ID: 865
(-1910, -4445, -1870, -4390)
ID: 866
(-1910, -2990, -1870, -2870)
ID: 867
(-1910, -3010, -1690, -2215)
ID: 868
(-1910, -2450, -1870, -2410)
ID: 869
(-1910, -2285, -1870, -2230)
ID: 870
(-1910, -1910, -1870, -1855)
ID: 871
(-1910, -1550, -1735, -1510)
ID: 872
(-1910, -1270, -1870, -1150)
ID: 873
(-1910, -850, -1780, -55)
ID: 874
(-1910, 1330, -1870, 1450)
ID: 875
(-1910, 2035, -1870, 2090)
ID: 876
(-1910, 3490, -1870, 3610)
ID: 877
(-1910, 3850, -1870, 3890)
ID: 878
(-1910, 4195, -1870, 4250)
ID: 879
(-1910, 4570, -1870, 4625)
ID: 880
(-1910, 4930, -1870, 4970)
ID: 881
(-1910, 5210, -1870, 5330)
ID: 882
(-1865, 4030, -1510, 4070)
ID: 883
(-1820, -6245, -1690, -5450)
ID: 884
(-1820, -5170, -1600, -4375)
ID: 885
(-1820, -4085, -1780, -3290)
ID: 886
(-1820, -830, -1780, -710)
ID: 887
(-1820, 5630, -1780, 6425)
ID: 888
(-1730, -6230, -1690, -6175)
ID: 889
(-1730, -5960, -1690, -5920)
ID: 890
(-1730, -4070, -1690, -4015)
ID: 891
(-1730, -3890, -1690, -3850)
ID: 892
(-1730, -4085, -1510, -3290)
ID: 893
(-1730, -3430, -1690, -3310)
ID: 894
(-1730, -2990, -1690, -2870)
ID: 895
(-1730, -2630, -1690, -2590)
ID: 896
(-1730, 250, -1690, 305)
ID: 897
(-1730, 430, -1690, 470)
ID: 898
(-1730, 235, -1510, 1030)
ID: 899
(-1730, 890, -1690, 1010)
ID: 900
(-1730, 1310, -1690, 2105)
ID: 901
(-1730, 2410, -1690, 2465)
ID: 902
(-1730, 2770, -1555, 2810)
ID: 903
(-1730, 3050, -1690, 3170)
ID: 904
(-1730, 5650, -1690, 5770)
ID: 905
(-1730, 5630, -1510, 6425)
ID: 906
(-1730, 6190, -1690, 6230)
ID: 907
(-1730, 6355, -1690, 6410)
ID: 908
(-1685, 2395, -1330, 3190)
ID: 909
(-1640, -5150, -1600, -5030)
ID: 910
(-1640, -4445, -1600, -4390)
ID: 911
(-1640, -1910, -1600, -1855)
ID: 912
(-1640, -1550, -1600, -1510)
ID: 913
(-1640, -1270, -1600, -1150)
ID: 914
(-1640, -850, -1420, -55)
ID: 915
(-1640, -290, -1600, -250)
ID: 916
(-1640, -125, -1600, -70)
ID: 917
(-1640, 1330, -1600, 1450)
ID: 918
(-1640, 1310, -1420, 2105)
ID: 919
(-1640, 2035, -1600, 2090)
ID: 920
(-1640, 3490, -1600, 3610)
ID: 921
(-1640, 3940, -1600, 3980)
ID: 922
(-1640, 3470, -1105, 4250)
ID: 923
(-1595, 8845, -1375, 8885)
ID: 924
(-1550, -6230, -1510, -6175)
ID: 925
(-1550, -5870, -1510, -5830)
ID: 926
(-1550, -5590, -1510, -5470)
ID: 927
(-1550, -5170, -1375, -4375)
ID: 928
(-1550, -3710, -1510, -3670)
ID: 929
(-1550, -3430, -1510, -3310)
ID: 930
(-1550, -2990, -1510, -2870)
ID: 931
(-1550, -2630, -1510, -2590)
ID: 932
(-1550, -2285, -1510, -2230)
ID: 933
(-1550, -1640, -1510, -1600)
ID: 934
(-1550, -1925, -1240, -1130)
ID: 935
(-1550, -470, -1510, -430)
ID: 936
(-1550, 610, -1285, 650)
ID: 937
(-1550, 890, -1510, 1010)
ID: 938
(-1550, 1600, -1510, 1730)
ID: 939
(-1550, 4570, -1510, 4625)
ID: 940
(-1550, 4750, -1510, 4790)
ID: 941
(-1550, 4555, -1330, 5350)
ID: 942
(-1550, 5650, -1510, 5770)
ID: 943
(-1550, 6010, -1375, 6050)
ID: 944
(-1505, 5875, -1240, 5915)
ID: 945
(-1460, -6245, -1420, -5450)
ID: 946
(-1460, -5170, -1240, -4375)
ID: 947
(-1460, -4445, -1420, -4390)
ID: 948
(-1460, -3010, -1195, -2215)
ID: 949
(-1460, -2540, -1420, -2500)
ID: 950
(-1460, -1270, -1420, -1150)
ID: 951
(-1460, -830, -1420, -710)
ID: 952
(-1460, -125, -1420, -70)
ID: 953
(-1460, 235, -970, 1030)
ID: 954
(-1460, 1870, -1420, 1910)
ID: 955
(-1460, 2035, -1420, 2090)
ID: 956
(-1460, 3050, -1420, 3170)
ID: 957
(-1460, 3490, -1420, 3610)
ID: 958
(-1460, 4930, -1420, 4970)
ID: 959
(-1370, -6245, -1240, -5450)
ID: 960
(-1370, -4085, -1150, -3290)
ID: 961
(-1370, -3710, -1330, -3670)
ID: 962
(-1370, -3430, -1330, -3310)
ID: 963
(-1370, -2990, -1330, -2870)
ID: 964
(-1370, -850, -1330, -55)
ID: 965
(-1370, 2680, -1105, 2720)
ID: 966
(-1370, 2770, -1240, 2810)
ID: 967
(-1370, 3940, -970, 3980)
ID: 968
(-1370, 4570, -1330, 4625)
ID: 969
(-1370, 5210, -1330, 5330)
ID: 970
(-1325, -1640, -1150, -1600)
ID: 971
(-1280, -3010, -880, -2215)
ID: 972
(-1280, -1910, -1240, -1855)
ID: 973
(-1280, -1270, -1240, -1150)
ID: 974
(-1280, 1330, -1240, 1450)
ID: 975
(-1280, 1690, -1240, 1730)
ID: 976
(-1280, 1310, -1060, 2105)
ID: 977
(-1280, 2410, -1240, 2465)
ID: 978
(-1280, 3050, -1240, 3170)
ID: 979
(-1280, 3490, -1240, 3610)
ID: 980
(-1280, 3850, -1060, 3890)
ID: 981
(-1280, 4195, -1240, 4250)
ID: 982
(-1280, 4555, -1240, 5350)
ID: 983
(-1280, 5650, -1240, 5770)
ID: 984
(-1280, 6010, -1240, 6050)
ID: 985
(-1280, 6355, -1240, 6410)
ID: 986
(-1190, -6230, -1150, -6175)
ID: 987
(-1190, -6050, -1150, -6010)
ID: 988
(-1190, -6245, -970, -5450)
ID: 989
(-1190, -5590, -1150, -5470)
ID: 990
(-1190, -5150, -1150, -5030)
ID: 991
(-1190, -5170, -970, -4375)
ID: 992
(-1190, -4610, -1150, -4570)
ID: 993
(-1190, -4445, -1150, -4390)
ID: 994
(-1190, -4070, -1150, -4015)
ID: 995
(-1190, -3890, -1150, -3850)
ID: 996
(-1190, -3430, -1150, -3310)
ID: 997
(-1190, -1925, -835, -1130)
ID: 998
(-1190, -850, -1150, -55)
ID: 999
(-1190, 250, -1150, 305)
ID: 1000
(-1190, 610, -1150, 650)
ID: 1001
(-1190, 890, -1150, 1010)
ID: 1002
(-1190, 4555, -970, 5350)
ID: 1003
(-1190, 5630, -925, 6425)
ID: 1004
(-1190, 6100, -1150, 6140)
ID: 1005
(-1100, -4085, -1060, -3290)
ID: 1006
(-1100, -2990, -1060, -2870)
ID: 1007
(-1100, -2630, -1060, -2590)
ID: 1008
(-1100, -2285, -1060, -2230)
ID: 1009
(-1100, -1270, -1060, -1150)
ID: 1010
(-1100, -830, -1060, -710)
ID: 1011
(-1100, -850, -880, -55)
ID: 1012
(-1100, -290, -1060, -250)
ID: 1013
(-1100, -125, -1060, -70)
ID: 1014
(-1100, 1330, -1060, 1450)
ID: 1015
(-1100, 1870, -1060, 1910)
ID: 1016
(-1100, 2035, -1060, 2090)
ID: 1017
(-1100, 3490, -1060, 3610)
ID: 1018
(-1100, 4195, -1060, 4250)
ID: 1019
(-1100, 5650, -1060, 5770)
ID: 1020
(-1010, -5870, -970, -5830)
ID: 1021
(-1010, -5590, -970, -5470)
ID: 1022
(-1010, -5150, -970, -5030)
ID: 1023
(-1010, -4790, -970, -4750)
ID: 1024
(-1010, 250, -970, 305)
ID: 1025
(-1010, 235, -790, 1030)
ID: 1026
(-1010, 1310, -835, 2105)
ID: 1027
(-1010, 2395, -970, 3190)
ID: 1028
(-1010, 3470, -430, 4250)
ID: 1029
(-965, -1550, -700, -1510)
ID: 1030
(-920, -4085, -700, -3290)
ID: 1031
(-920, -3710, -880, -3670)
ID: 1032
(-920, -3430, -880, -3310)
ID: 1033
(-920, -2540, -745, -2500)
ID: 1034
(-920, -2285, -880, -2230)
ID: 1035
(-920, -830, -880, -710)
ID: 1036
(-920, -470, -880, -430)
ID: 1037
(-920, 2410, -880, 2465)
ID: 1038
(-920, 2590, -880, 2630)
ID: 1039
(-920, 2395, -700, 3190)
ID: 1040
(-920, 3050, -880, 3170)
ID: 1041
(-920, 3490, -880, 3610)
ID: 1042
(-920, 4570, -880, 4625)
ID: 1043
(-920, 4750, -880, 4790)
ID: 1044
(-920, 4555, -700, 5350)
ID: 1045
(-920, 5210, -880, 5330)
ID: 1046
(-875, 1780, -700, 1820)
ID: 1047
(-875, 1310, -610, 2105)
ID: 1048
(-830, -6245, -610, -5450)
ID: 1049
(-830, -5870, -790, -5830)
ID: 1050
(-830, -5590, -790, -5470)
ID: 1051
(-830, -5150, -790, -5030)
ID: 1052
(-830, -4790, -790, -4750)
ID: 1053
(-830, -5170, -610, -4375)
ID: 1054
(-830, 1330, -790, 1450)
ID: 1055
(-830, 1690, -700, 1730)
ID: 1056
(-830, 2035, -790, 2090)
ID: 1057
(-830, 4030, -655, 4070)
ID: 1058
(-785, 3940, -520, 3980)
ID: 1059
(-740, -4070, -700, -4015)
ID: 1060
(-740, -3890, -700, -3850)
ID: 1061
(-740, -3430, -700, -3310)
ID: 1062
(-740, -1925, -520, -1130)
ID: 1063
(-740, -1270, -700, -1150)
ID: 1064
(-740, 250, -700, 305)
ID: 1065
(-740, 430, -700, 470)
ID: 1066
(-740, 235, -520, 1030)
ID: 1067
(-740, 890, -700, 1010)
ID: 1068
(-740, 2770, -610, 2810)
ID: 1069
(-740, 3050, -700, 3170)
ID: 1070
(-740, 4930, -520, 4970)
ID: 1071
(-740, 5210, -700, 5330)
ID: 1072
(-695, 2395, -340, 3190)
ID: 1073
(-650, -6230, -610, -6175)
ID: 1074
(-650, -6050, -610, -6010)
ID: 1075
(-650, -5590, -610, -5470)
ID: 1076
(-650, -5150, -610, -5030)
ID: 1077
(-650, -4610, -610, -4570)
ID: 1078
(-650, -4445, -610, -4390)
ID: 1079
(-650, -4085, -430, -3290)
ID: 1080
(-650, -2990, -610, -2870)
ID: 1081
(-650, -2630, -610, -2590)
ID: 1082
(-650, -2285, -610, -2230)
ID: 1083
(-650, -830, -610, -710)
ID: 1084
(-650, -850, -520, -55)
ID: 1085
(-650, 1330, -610, 1450)
ID: 1086
(-650, 2635, -430, 2675)
ID: 1087
(-650, 5650, -610, 5770)
ID: 1088
(-650, 6010, -610, 6050)
ID: 1089
(-650, 5630, -430, 6425)
ID: 1090
(-605, 4840, -430, 4880)
ID: 1091
(-560, -6245, -250, -5450)
ID: 1092
(-560, -5170, -520, -4375)
ID: 1093
(-560, -3010, -430, -2215)
ID: 1094
(-560, -1910, -520, -1855)
ID: 1095
(-560, -1730, -520, -1690)
ID: 1096
(-560, -1270, -520, -1150)
ID: 1097
(-560, -380, -385, -340)
ID: 1098
(-560, 610, -520, 650)
ID: 1099
(-560, 890, -520, 1010)
ID: 1100
(-560, 3490, -520, 3610)
ID: 1101
(-560, 3470, 200, 4250)
ID: 1102
(-560, 4570, -520, 4625)
ID: 1103
(-560, 5210, -520, 5330)
ID: 1104
(-470, -4070, -430, -4015)
ID: 1105
(-470, -3430, -430, -3310)
ID: 1106
(-470, -2540, -430, -2500)
ID: 1107
(-470, -2285, -430, -2230)
ID: 1108
(-470, -1925, -430, -1130)
ID: 1109
(-470, -830, -430, -710)
ID: 1110
(-470, -470, -295, -430)
ID: 1111
(-470, -125, -430, -70)
ID: 1112
(-470, 1330, -430, 1450)
ID: 1113
(-470, 1690, -430, 1730)
ID: 1114
(-470, 2035, -430, 2090)
ID: 1115
(-470, 2410, -430, 2465)
ID: 1116
(-470, 2770, -430, 2810)
ID: 1117
(-470, 3050, -430, 3170)
ID: 1118
(-470, 4030, -430, 4070)
ID: 1119
(-470, 4555, -205, 5350)
ID: 1120
(-470, 5650, -430, 5770)
ID: 1121
(-470, 6190, -430, 6230)
ID: 1122
(-470, 6355, -430, 6410)
ID: 1123
(-425, -4790, -250, -4750)
ID: 1124
(-425, 235, -160, 1030)
ID: 1125
(-380, -4085, -250, -3290)
ID: 1126
(-380, -3010, -250, -2215)
ID: 1127
(-380, 250, -340, 305)
ID: 1128
(-380, 610, -340, 650)
ID: 1129
(-380, 890, -340, 1010)
ID: 1130
(-380, 1310, -250, 2105)
ID: 1131
(-380, 3490, -340, 3610)
ID: 1132
(-380, 5210, -340, 5330)
ID: 1133
(-380, 5630, -160, 6425)
ID: 1134
(-335, -1925, -160, -1130)
ID: 1135
(-290, -6230, -250, -6175)
ID: 1136
(-290, -5590, -250, -5470)
ID: 1137
(-290, -5150, -250, -5030)
ID: 1138
(-290, -5170, -70, -4375)
ID: 1139
(-290, -4070, -250, -4015)
ID: 1140
(-290, -4085, -70, -3290)
ID: 1141
(-290, 1780, -250, 1820)
ID: 1142
(-290, 2035, -250, 2090)
ID: 1143
(-290, 3940, -250, 3980)
ID: 1144
(-290, 5630, 20, 6425)
ID: 1145
(-200, -6245, 65, -5450)
ID: 1146
(-200, -2990, -160, -2870)
ID: 1147
(-200, -3010, 20, -2215)
ID: 1148
(-200, -2450, -160, -2410)
ID: 1149
(-200, -2285, -160, -2230)
ID: 1150
(-200, -850, 20, -55)
ID: 1151
(-200, -290, -160, -250)
ID: 1152
(-200, -125, -160, -70)
ID: 1153
(-200, 250, -160, 305)
ID: 1154
(-200, 520, -160, 560)
ID: 1155
(-200, 3490, -160, 3610)
ID: 1156
(-200, 3850, -160, 3890)
ID: 1157
(-200, 3985, -70, 4025)
ID: 1158
(-200, 4195, -160, 4250)
ID: 1159
(-200, 5650, -160, 5770)
ID: 1160
(-200, 6355, -160, 6410)
ID: 1161
(-110, -6230, -70, -6175)
ID: 1162
(-110, -5960, 65, -5920)
ID: 1163
(-110, -5150, -70, -5030)
ID: 1164
(-110, -4610, -70, -4570)
ID: 1165
(-110, -4445, -70, -4390)
ID: 1166
(-110, -1910, -70, -1855)
ID: 1167
(-110, -1925, 110, -1130)
ID: 1168
(-110, -1270, -70, -1150)
ID: 1169
(-110, -470, -70, -430)
ID: 1170
(-110, 1310, -70, 2105)
ID: 1171
(-110, 2395, -70, 3190)
ID: 1172
(-110, 4555, -70, 5350)
ID: 1173
(-20, -5170, 20, -4375)
ID: 1174
(-20, -4070, 20, -4015)
ID: 1175
(-20, -3890, 20, -3850)
ID: 1176
(-20, -4085, 200, -3290)
ID: 1177
(-20, -3430, 20, -3310)
ID: 1178
(-20, -2990, 20, -2870)
ID: 1179
(-20, -2630, 200, -2590)
ID: 1180
(-20, -1550, 20, -1510)
ID: 1181
(-20, -830, 20, -710)
ID: 1182
(-20, -125, 20, -70)
ID: 1183
(-20, 235, 200, 1030)
ID: 1184
(-20, 610, 20, 650)
ID: 1185
(-20, 890, 20, 1010)
ID: 1186
(-20, 1330, 20, 1450)
ID: 1187
(-20, 1310, 200, 2105)
ID: 1188
(-20, 1870, 20, 1910)
ID: 1189
(-20, 2035, 20, 2090)
ID: 1190
(-20, 2410, 20, 2465)
ID: 1191
(-20, 2395, 200, 3190)
ID: 1192
(-20, 3050, 20, 3170)
ID: 1193
(-20, 4570, 20, 4625)
ID: 1194
(-20, 4930, 155, 4970)
ID: 1195
(-20, 5210, 20, 5330)
ID: 1196
(-20, 6100, 155, 6140)
ID: 1197
(-20, 6355, 20, 6410)
ID: 1198
(25, 4750, 290, 4790)
ID: 1199
(25, 6010, 200, 6050)
ID: 1200
(70, -1910, 110, -1855)
ID: 1201
(70, -1730, 110, -1690)
ID: 1202
(70, -850, 290, -55)
ID: 1203
(70, 2770, 110, 2810)
ID: 1204
(115, 5630, 380, 6425)
ID: 1205
(160, -6245, 290, -5450)
ID: 1206
(160, -5590, 200, -5470)
ID: 1207
(160, -3710, 200, -3670)
ID: 1208
(160, -3430, 200, -3310)
ID: 1209
(160, -2990, 200, -2870)
ID: 1210
(160, -2285, 200, -2230)
ID: 1211
(160, 250, 200, 305)
ID: 1212
(160, 430, 200, 470)
ID: 1213
(160, 890, 200, 1010)
ID: 1214
(160, 1330, 200, 1450)
ID: 1215
(160, 1690, 200, 1730)
ID: 1216
(160, 2410, 200, 2465)
ID: 1217
(160, 2590, 425, 2630)
ID: 1218
(160, 3470, 290, 4265)
ID: 1219
(160, 3940, 200, 3980)
ID: 1220
(160, 4195, 200, 4250)
ID: 1221
(160, 5650, 200, 5770)
ID: 1222
(160, 6355, 200, 6410)
ID: 1223
(205, -380, 380, -340)
ID: 1224
(250, -5960, 290, -5920)
ID: 1225
(250, -5170, 470, -4375)
ID: 1226
(250, -4610, 290, -4570)
ID: 1227
(250, -4445, 290, -4390)
ID: 1228
(250, -3010, 470, -2215)
ID: 1229
(250, -1925, 470, -1130)
ID: 1230
(250, -1550, 290, -1510)
ID: 1231
(250, -1270, 290, -1150)
ID: 1232
(250, -830, 290, -710)
ID: 1233
(250, -125, 290, -70)
ID: 1234
(250, 235, 290, 1030)
ID: 1235
(250, 1555, 380, 1595)
ID: 1236
(250, 4570, 290, 4625)
ID: 1237
(250, 4555, 470, 5350)
ID: 1238
(295, -6545, 515, -6505)
ID: 1239
(295, 2680, 470, 2720)
ID: 1240
(340, -6230, 380, -6175)
ID: 1241
(340, -6245, 920, -5450)
ID: 1242
(340, -5870, 380, -5830)
ID: 1243
(340, -5590, 380, -5470)
ID: 1244
(340, -4790, 380, -4750)
ID: 1245
(340, -4070, 380, -4015)
ID: 1246
(340, -3710, 380, -3670)
ID: 1247
(340, -3430, 380, -3310)
ID: 1248
(340, -850, 470, -55)
ID: 1249
(340, 1330, 380, 1450)
ID: 1250
(340, 1690, 380, 1730)
ID: 1251
(340, 2035, 380, 2090)
ID: 1252
(340, 2410, 380, 2465)
ID: 1253
(340, 2770, 470, 2810)
ID: 1254
(340, 3050, 380, 3170)
ID: 1255
(340, 3490, 380, 3610)
ID: 1256
(340, 3850, 650, 3890)
ID: 1257
(340, 4195, 380, 4250)
ID: 1258
(340, 4930, 380, 4970)
ID: 1259
(385, -5735, 515, -5695)
ID: 1260
(430, -5150, 470, -5030)
ID: 1261
(430, -4445, 470, -4390)
ID: 1262
(430, -4085, 560, -3290)
ID: 1263
(430, -1910, 470, -1855)
ID: 1264
(430, -1730, 470, -1690)
ID: 1265
(430, -1270, 470, -1150)
ID: 1266
(430, -830, 470, -710)
ID: 1267
(430, 250, 470, 305)
ID: 1268
(430, 610, 470, 650)
ID: 1269
(430, 890, 470, 1010)
ID: 1270
(430, 1310, 560, 2105)
ID: 1271
(430, 2395, 650, 3190)
ID: 1272
(430, 4570, 470, 4625)
ID: 1273
(430, 5210, 470, 5330)
ID: 1274
(430, 5630, 470, 6425)
ID: 1275
(520, -5170, 650, -4375)
ID: 1276
(520, -3710, 650, -3670)
ID: 1277
(520, -3010, 740, -2215)
ID: 1278
(520, -2450, 560, -2410)
ID: 1279
(520, -2285, 560, -2230)
ID: 1280
(520, -1925, 740, -1130)
ID: 1281
(520, 520, 560, 560)
ID: 1282
(520, 250, 740, 1030)
ID: 1283
(520, 1780, 695, 1820)
ID: 1284
(520, 2035, 560, 2090)
ID: 1285
(520, 3050, 560, 3170)
ID: 1286
(520, 4555, 695, 5350)
ID: 1287
(520, 5650, 560, 5770)
ID: 1288
(520, 5630, 740, 6425)
ID: 1289
(520, 6190, 560, 6230)
ID: 1290
(520, 6355, 560, 6410)
ID: 1291
(565, -5870, 740, -5830)
ID: 1292
(610, -4085, 830, -3290)
ID: 1293
(610, -3430, 650, -3310)
ID: 1294
(610, -2630, 650, -2590)
ID: 1295
(610, -830, 650, -710)
ID: 1296
(610, -470, 650, -430)
ID: 1297
(610, -850, 830, -55)
ID: 1298
(610, 890, 650, 1010)
ID: 1299
(610, 2770, 740, 2810)
ID: 1300
(610, 3490, 650, 3610)
ID: 1301
(610, 3470, 830, 4265)
ID: 1302
(610, 4840, 830, 4880)
ID: 1303
(610, 4930, 740, 4970)
ID: 1304
(700, -6230, 740, -6175)
ID: 1305
(700, -5590, 740, -5470)
ID: 1306
(700, -5150, 740, -5030)
ID: 1307
(700, -5170, 830, -4375)
ID: 1308
(700, -3890, 830, -3850)
ID: 1309
(700, -2990, 740, -2870)
ID: 1310
(700, -2285, 740, -2230)
ID: 1311
(700, -1910, 740, -1855)
ID: 1312
(700, -1270, 740, -1150)
ID: 1313
(700, 235, 1100, 1030)
ID: 1314
(700, 1330, 740, 1450)
ID: 1315
(700, 1690, 740, 1730)
ID: 1316
(700, 2035, 740, 2090)
ID: 1317
(700, 2395, 920, 3190)
ID: 1318
(700, 3050, 740, 3170)
ID: 1319
(700, 4570, 740, 4625)
ID: 1320
(700, 5210, 740, 5330)
ID: 1321
(700, 5650, 740, 5770)
ID: 1322
(700, 6010, 740, 6050)
ID: 1323
(790, -4700, 830, -4660)
ID: 1324
(790, -4070, 830, -4015)
ID: 1325
(790, -3430, 830, -3310)
ID: 1326
(790, -3010, 965, -2215)
ID: 1327
(790, -1925, 920, -1130)
ID: 1328
(790, -830, 830, -710)
ID: 1329
(790, -290, 830, -250)
ID: 1330
(790, -125, 830, -70)
ID: 1331
(790, 1310, 830, 2105)
ID: 1332
(790, 3490, 830, 3610)
ID: 1333
(790, 4030, 830, 4070)
ID: 1334
(790, 4195, 830, 4250)
ID: 1335
(790, 4555, 920, 5350)
ID: 1336
(880, -6230, 920, -6175)
ID: 1337
(880, -5960, 1145, -5920)
ID: 1338
(880, -5150, 920, -5030)
ID: 1339
(880, -5170, 1370, -4375)
ID: 1340
(880, -4445, 920, -4390)
ID: 1341
(880, -4085, 920, -3290)
ID: 1342
(880, -1910, 920, -1855)
ID: 1343
(880, -1640, 920, -1600)
ID: 1344
(880, -850, 920, -55)
ID: 1345
(880, 250, 920, 305)
ID: 1346
(880, 610, 920, 650)
ID: 1347
(880, 890, 920, 1010)
ID: 1348
(880, 2410, 920, 2465)
ID: 1349
(880, 2590, 920, 2630)
ID: 1350
(880, 3050, 920, 3170)
ID: 1351
(880, 3470, 1145, 4265)
ID: 1352
(880, 5210, 920, 5330)
ID: 1353
(880, 5630, 1100, 6425)
ID: 1354
(880, 6190, 920, 6230)
ID: 1355
(880, 6355, 920, 6410)
ID: 1356
(925, -5870, 1190, -5830)
ID: 1357
(925, 6685, 1235, 6725)
ID: 1358
(970, -3710, 1100, -3670)
ID: 1359
(970, -2990, 1010, -2870)
ID: 1360
(970, -2630, 1100, -2590)
ID: 1361
(970, -2285, 1010, -2230)
ID: 1362
(970, 1330, 1010, 1450)
ID: 1363
(970, 1690, 1010, 1730)
ID: 1364
(970, 2035, 1010, 2090)
ID: 1365
(970, 2395, 1010, 3190)
ID: 1366
(970, 6010, 1100, 6050)
ID: 1367
(1015, 3850, 1190, 3890)
ID: 1368
(1015, 4840, 1190, 4880)
ID: 1369
(1060, -4070, 1100, -4015)
ID: 1370
(1060, -3430, 1100, -3310)
ID: 1371
(1060, -3010, 1190, -2215)
ID: 1372
(1060, -2540, 1100, -2500)
ID: 1373
(1060, -1925, 1280, -1130)
ID: 1374
(1060, -1550, 1100, -1510)
ID: 1375
(1060, -1270, 1100, -1150)
ID: 1376
(1060, 250, 1100, 305)
ID: 1377
(1060, 385, 1190, 425)
ID: 1378
(1060, 520, 1100, 560)
ID: 1379
(1060, 1310, 1190, 2105)
ID: 1380
(1060, 1780, 1100, 1820)
ID: 1381
(1060, 4570, 1100, 4625)
ID: 1382
(1060, 4930, 1100, 4970)
ID: 1383
(1060, 5210, 1100, 5330)
ID: 1384
(1060, 5650, 1100, 5770)
ID: 1385
(1060, 6355, 1100, 6410)
ID: 1386
(1150, -6230, 1190, -6175)
ID: 1387
(1150, -5590, 1190, -5470)
ID: 1388
(1150, -4085, 1190, -3290)
ID: 1389
(1150, -2990, 1190, -2870)
ID: 1390
(1150, -850, 1190, -55)
ID: 1391
(1150, 1330, 1190, 1450)
ID: 1392
(1150, 2410, 1190, 2465)
ID: 1393
(1150, 2770, 1190, 2810)
ID: 1394
(1150, 3050, 1190, 3170)
ID: 1395
(1150, 3490, 1190, 3610)
ID: 1396
(1150, 4195, 1190, 4250)
ID: 1397
(1150, 4555, 1415, 5350)
ID: 1398
(1150, 5630, 1460, 6425)
ID: 1399
(1240, -6245, 1640, -5450)
ID: 1400
(1240, -5150, 1280, -5030)
ID: 1401
(1240, -1910, 1280, -1855)
ID: 1402
(1240, -1730, 1280, -1690)
ID: 1403
(1240, -1270, 1280, -1150)
ID: 1404
(1240, -830, 1280, -710)
ID: 1405
(1240, -850, 1460, -55)
ID: 1406
(1240, -290, 1280, -250)
ID: 1407
(1240, -125, 1280, -70)
ID: 1408
(1240, 250, 1280, 305)
ID: 1409
(1240, 235, 1370, 1030)
ID: 1410
(1240, 520, 1280, 560)
ID: 1411
(1240, 2395, 1550, 3190)
ID: 1412
(1240, 3470, 1505, 4265)
ID: 1413
(1240, 5210, 1280, 5330)
ID: 1414
(1330, -6230, 1370, -6175)
ID: 1415
(1330, -5960, 1505, -5920)
ID: 1416
(1330, -4700, 1370, -4660)
ID: 1417
(1330, -4085, 1550, -3290)
ID: 1418
(1330, -3710, 1370, -3670)
ID: 1419
(1330, -3430, 1370, -3310)
ID: 1420
(1330, -2990, 1370, -2870)
ID: 1421
(1330, -2630, 1370, -2590)
ID: 1422
(1330, -3010, 1550, -2215)
ID: 1423
(1330, -1925, 1550, -1130)
ID: 1424
(1330, 1310, 1370, 2105)
ID: 1425
(1330, 3940, 1370, 3980)
ID: 1426
(1330, 4195, 1370, 4250)
ID: 1427
(1330, 5650, 1370, 5770)
ID: 1428
(1330, 6010, 1370, 6050)
ID: 1429
(1330, 6355, 1370, 6410)
ID: 1430
(1420, -5150, 1460, -5030)
ID: 1431
(1420, -4790, 1460, -4750)
ID: 1432
(1420, -4445, 1460, -4390)
ID: 1433
(1420, -830, 1460, -710)
ID: 1434
(1420, -470, 1460, -430)
ID: 1435
(1420, 250, 1460, 305)
ID: 1436
(1420, 235, 1640, 1030)
ID: 1437
(1420, 890, 1460, 1010)
ID: 1438
(1420, 1330, 1460, 1450)
ID: 1439
(1420, 1310, 1640, 2105)
ID: 1440
(1420, 1870, 1460, 1910)
ID: 1441
(1420, 2035, 1460, 2090)
ID: 1442
(1420, 4570, 1460, 4625)
ID: 1443
(1420, 4930, 1460, 4970)
ID: 1444
(1420, 5210, 1460, 5330)
ID: 1445
(1420, 5630, 1730, 6425)
ID: 1446
(1510, -4070, 1550, -4015)
ID: 1447
(1510, -3890, 1550, -3850)
ID: 1448
(1510, -3430, 1550, -3310)
ID: 1449
(1510, -2990, 1550, -2870)
ID: 1450
(1510, -2450, 1550, -2410)
ID: 1451
(1510, -2285, 1550, -2230)
ID: 1452
(1510, -1910, 1550, -1855)
ID: 1453
(1510, -1270, 1550, -1150)
ID: 1454
(1510, 2410, 1550, 2465)
ID: 1455
(1510, 3050, 1550, 3170)
ID: 1456
(1510, 4840, 1550, 4880)
ID: 1457
(1510, 4555, 1640, 5350)
ID: 1458
(1510, 5650, 1550, 5770)
ID: 1459
(1555, -5960, 1730, -5920)
ID: 1460
(1555, -5170, 1730, -4375)
ID: 1461
(1600, -6230, 1640, -6175)
ID: 1462
(1600, -5870, 1640, -5830)
ID: 1463
(1600, -5590, 1640, -5470)
ID: 1464
(1600, -4085, 1775, -3290)
ID: 1465
(1600, -3010, 1640, -2215)
ID: 1466
(1600, -1925, 1775, -1130)
ID: 1467
(1600, 1330, 1640, 1450)
ID: 1468
(1600, 1555, 1730, 1730)
ID: 1469
(1600, 2395, 1910, 3190)
ID: 1470
(1600, 3490, 1640, 3610)
ID: 1471
(1600, 3850, 1640, 3890)
ID: 1472
(1600, 3470, 1820, 4265)
ID: 1473
(1600, 5210, 1640, 5330)
ID: 1474
(1690, -6245, 1820, -5450)
ID: 1475
(1690, -1910, 1730, -1855)
ID: 1476
(1690, -1640, 1730, -1600)
ID: 1477
(1690, -850, 1730, -55)
ID: 1478
(1690, 250, 1730, 305)
ID: 1479
(1690, 430, 1730, 470)
ID: 1480
(1690, 235, 1910, 1030)
ID: 1481
(1690, 890, 1730, 1010)
ID: 1482
(1690, 5650, 1730, 5770)
ID: 1483
(1690, 6355, 1730, 6410)
ID: 1484
(1735, 1310, 1910, 2105)
ID: 1485
(1735, 4555, 1820, 5350)
ID: 1486
(1780, -5590, 1820, -5470)
ID: 1487
(1780, -5150, 1820, -5030)
ID: 1488
(1780, -5170, 2000, -4375)
ID: 1489
(1780, -4610, 1820, -4570)
ID: 1490
(1780, -4445, 1820, -4390)
ID: 1491
(1780, -4070, 1820, -4015)
ID: 1492
(1780, -3710, 1820, -3670)
ID: 1493
(1780, -3430, 1820, -3310)
ID: 1494
(1780, -3010, 2000, -2230)
ID: 1495
(1780, -2450, 1820, -2410)
ID: 1496
(1780, -830, 1820, -710)
ID: 1497
(1780, -850, 2000, -55)
ID: 1498
(1780, -290, 1820, -250)
ID: 1499
(1780, -125, 1820, -70)
ID: 1500
(1780, 1780, 1820, 1820)
ID: 1501
(1780, 2035, 1820, 2090)
ID: 1502
(1780, 2410, 1820, 2465)
ID: 1503
(1780, 2770, 1820, 2810)
ID: 1504
(1780, 3050, 1820, 3170)
ID: 1505
(1780, 3490, 1820, 3610)
ID: 1506
(1780, 4030, 1820, 4070)
ID: 1507
(1780, 4195, 1820, 4250)
ID: 1508
(1780, 5630, 1910, 6425)
ID: 1509
(1825, 4570, 1865, 4625)
ID: 1510
(1825, 5210, 1865, 5330)
ID: 1511
(1870, -4085, 2135, -3290)
ID: 1512
(1870, -2990, 1910, -2870)
ID: 1513
(1870, -1925, 2090, -1130)
ID: 1514
(1870, -1550, 1910, -1510)
ID: 1515
(1870, -1270, 1910, -1150)
ID: 1516
(1870, 610, 1910, 650)
ID: 1517
(1870, 890, 1910, 1010)
ID: 1518
(1870, 2395, 2000, 3190)
ID: 1519
(1870, 3470, 2180, 4265)
ID: 1520
(1870, 4555, 1955, 5350)
ID: 1521
(1915, -5870, 2090, -5830)
ID: 1522
(1915, 235, 2090, 1030)
ID: 1523
(1960, -5150, 2000, -5030)
ID: 1524
(1960, -4790, 2000, -4750)
ID: 1525
(1960, -3010, 2450, -2215)
ID: 1526
(1960, -830, 2000, -710)
ID: 1527
(1960, -470, 2000, -430)
ID: 1528
(1960, 1330, 2000, 1450)
ID: 1529
(1960, 1310, 2270, 2105)
ID: 1530
(1960, 1690, 2000, 1730)
ID: 1531
(1960, 1780, 2180, 1820)
ID: 1532
(1960, 2035, 2000, 2090)
ID: 1533
(1960, 3050, 2000, 3170)
ID: 1534
(1960, 4555, 2180, 5350)
ID: 1535
(1960, 5630, 2000, 6425)
ID: 1536
(2005, -3710, 2270, -3670)
ID: 1537
(2005, 4570, 2045, 4625)
ID: 1538
(2005, 5210, 2045, 5330)
ID: 1539
(2050, -6230, 2090, -6175)
ID: 1540
(2050, -5590, 2090, -5470)
ID: 1541
(2050, -2990, 2090, -2870)
ID: 1542
(2050, -2630, 2090, -2590)
ID: 1543
(2050, -2285, 2090, -2230)
ID: 1544
(2050, -1910, 2090, -1855)
ID: 1545
(2050, -1730, 2090, -1690)
ID: 1546
(2050, -1270, 2090, -1150)
ID: 1547
(2050, 2770, 2180, 2810)
ID: 1548
(2050, 5650, 2090, 5770)
ID: 1549
(2050, 5630, 2270, 6425)
ID: 1550
(2050, 6190, 2090, 6230)
ID: 1551
(2050, 6355, 2090, 6410)
ID: 1552
(2095, -4700, 2360, -4660)
ID: 1553
(2140, -6245, 2270, -5450)
ID: 1554
(2140, -2405, 2270, -2365)
ID: 1555
(2140, -1925, 2180, -1130)
ID: 1556
(2140, -850, 2180, -55)
ID: 1557
(2140, 250, 2180, 305)
ID: 1558
(2140, 430, 2180, 470)
ID: 1559
(2140, 235, 2360, 1030)
ID: 1560
(2140, 890, 2180, 1010)
ID: 1561
(2140, 2035, 2180, 2090)
ID: 1562
(2140, 2395, 2360, 3190)
ID: 1563
(2140, 3050, 2180, 3170)
ID: 1564
(2140, 3490, 2180, 3610)
ID: 1565
(2140, 3850, 2180, 3890)
ID: 1566
(2140, 4195, 2180, 4250)
ID: 1567
(2230, -6230, 2270, -6175)
ID: 1568
(2230, -5960, 2405, -5920)
ID: 1569
(2230, -5150, 2270, -5030)
ID: 1570
(2230, -4790, 2270, -4750)
ID: 1571
(2230, -4445, 2270, -4390)
ID: 1572
(2230, -4070, 2270, -4015)
ID: 1573
(2230, -3430, 2270, -3310)
ID: 1574
(2230, -2990, 2270, -2870)
ID: 1575
(2230, -2630, 2270, -2590)
ID: 1576
(2230, -2285, 2270, -2230)
ID: 1577
(2230, -1925, 2360, -1130)
ID: 1578
(2230, -830, 2270, -710)
ID: 1579
(2230, -850, 2450, -55)
ID: 1580
(2230, -290, 2270, -250)
ID: 1581
(2230, -125, 2270, -70)
ID: 1582
(2230, 3470, 2540, 4265)
ID: 1583
(2230, 4570, 2270, 4625)
ID: 1584
(2230, 4555, 2450, 5350)
ID: 1585
(2230, 4930, 2270, 4970)
ID: 1586
(2230, 5210, 2270, 5330)
ID: 1587
(2230, 5650, 2270, 5770)
ID: 1588
(2230, 5630, 2450, 6425)
ID: 1589
(2230, 6010, 2270, 6050)
ID: 1590
(2275, -6245, 2540, -5450)
ID: 1591
(2320, -5170, 2585, -4375)
ID: 1592
(2320, -4085, 2450, -3290)
ID: 1593
(2320, 610, 2360, 650)
ID: 1594
(2320, 890, 2360, 1010)
ID: 1595
(2320, 1330, 2360, 1450)
ID: 1596
(2320, 1690, 2360, 1730)
ID: 1597
(2320, 2035, 2360, 2090)
ID: 1598
(2320, 2410, 2360, 2465)
ID: 1599
(2320, 2590, 2360, 2630)
ID: 1600
(2320, 3050, 2360, 3170)
ID: 1601
(2320, 3940, 2360, 3980)
ID: 1602
(2320, 4195, 2360, 4250)
ID: 1603
(2365, 1310, 2540, 2105)
ID: 1604
(2410, -5150, 2450, -5030)
ID: 1605
(2410, -4070, 2450, -4015)
ID: 1606
(2410, -3800, 2450, -3760)
ID: 1607
(2410, -3010, 2630, -2215)
ID: 1608
(2410, -2285, 2450, -2230)
ID: 1609
(2410, -1910, 2450, -1855)
ID: 1610
(2410, -1730, 2450, -1690)
ID: 1611
(2410, -1925, 2630, -1130)
ID: 1612
(2410, -1270, 2450, -1150)
ID: 1613
(2410, -830, 2450, -710)
ID: 1614
(2410, -470, 2450, -430)
ID: 1615
(2410, 2395, 2585, 3190)
ID: 1616
(2455, 3470, 2810, 4250)
ID: 1617
(2500, 235, 2540, 1030)
ID: 1618
(2500, 3490, 2540, 3610)
ID: 1619
(2500, 3850, 2540, 3890)
ID: 1620
(2500, 4195, 2540, 4250)
ID: 1621
(2500, 4570, 2540, 4625)
ID: 1622
(2500, 4930, 2540, 4970)
ID: 1623
(2500, 5210, 2540, 5330)
ID: 1624
(2500, 5650, 2540, 5770)
ID: 1625
(2500, 6010, 2720, 6050)
ID: 1626
(2500, 6355, 2540, 6410)
ID: 1627
(2545, -5170, 2720, -4375)
ID: 1628
(2590, -6230, 2630, -6175)
ID: 1629
(2590, -6050, 2630, -6010)
ID: 1630
(2590, -6245, 2810, -5450)
ID: 1631
(2590, -5590, 2630, -5470)
ID: 1632
(2590, -4070, 2630, -4015)
ID: 1633
(2590, -3710, 2630, -3670)
ID: 1634
(2590, -3430, 2630, -3310)
ID: 1635
(2590, -1550, 2630, -1510)
ID: 1636
(2590, -1270, 2630, -1150)
ID: 1637
(2590, -830, 2630, -710)
ID: 1638
(2590, -470, 2630, -430)
ID: 1639
(2590, -125, 2630, -70)
ID: 1640
(2590, 250, 2630, 305)
ID: 1641
(2590, 610, 2630, 650)
ID: 1642
(2590, 890, 2630, 1010)
ID: 1643
(2590, 1330, 2630, 1450)
ID: 1644
(2590, 1310, 2810, 2105)
ID: 1645
(2590, 1870, 2630, 1910)
ID: 1646
(2590, 2035, 2630, 2090)
ID: 1647
(2590, 3940, 2630, 3980)
ID: 1648
(2635, 235, 2810, 1030)
ID: 1649
(2680, -4085, 2720, -3290)
ID: 1650
(2680, -2990, 2720, -2870)
ID: 1651
(2680, -3010, 2900, -2215)
ID: 1652
(2680, -2450, 2720, -2410)
ID: 1653
(2680, -2285, 2720, -2230)
ID: 1654
(2680, -850, 2810, -55)
ID: 1655
(2680, -380, 2720, -340)
ID: 1656
(2680, 2395, 2900, 3190)
ID: 1657
(2680, 2770, 2720, 2810)
ID: 1658
(2680, 3050, 2720, 3170)
ID: 1659
(2680, 3490, 2720, 3610)
ID: 1660
(2680, 4555, 2900, 5350)
ID: 1661
(2680, 4930, 2720, 4970)
ID: 1662
(2680, 5210, 2720, 5330)
ID: 1663
(2680, 5650, 2720, 5770)
ID: 1664
(2680, 5630, 2900, 6425)
ID: 1665
(2770, -5870, 2810, -5830)
ID: 1666
(2770, -5590, 2810, -5470)
ID: 1667
(2770, -5150, 2810, -5030)
ID: 1668
(2770, -5170, 2990, -4375)
ID: 1669
(2770, -4610, 2810, -4570)
ID: 1670
(2770, -4445, 2810, -4390)
ID: 1671
(2770, -1910, 2810, -1855)
ID: 1672
(2770, -1640, 2810, -1600)
ID: 1673
(2770, -1925, 2900, -1130)
ID: 1674
(2770, -830, 2810, -710)
ID: 1675
(2770, 1330, 2810, 1450)
ID: 1676
(2770, 1690, 2810, 1730)
ID: 1677
(2770, 4030, 2810, 4070)
ID: 1678
(2860, -4070, 2900, -4015)
ID: 1679
(2860, -3710, 2900, -3670)
ID: 1680
(2860, -3430, 2900, -3310)
ID: 1681
(2860, -2990, 2900, -2870)
ID: 1682
(2860, -2630, 2900, -2590)
ID: 1683
(2860, 250, 2900, 305)
ID: 1684
(2860, 430, 2900, 470)
ID: 1685
(2860, 235, 3080, 1030)
ID: 1686
(2860, 890, 2900, 1010)
ID: 1687
(2860, 2410, 2900, 2465)
ID: 1688
(2860, 2590, 2900, 2630)
ID: 1689
(2860, 3050, 2900, 3170)
ID: 1690
(2860, 4570, 2900, 4625)
ID: 1691
(2860, 4750, 2900, 4790)
ID: 1692
(2860, 5210, 2900, 5330)
ID: 1693
(2860, 5650, 2900, 5770)
ID: 1694
(2860, 6190, 2900, 6230)
ID: 1695
(2860, 6355, 2900, 6410)
ID: 1696
(2905, -6245, 2990, -5450)
ID: 1697
(2905, -290, 3080, -250)
ID: 1698
(2905, 1690, 3080, 1730)
ID: 1699
(2950, -5150, 2990, -5030)
ID: 1700
(2950, -4790, 3125, -4750)
ID: 1701
(2950, -4085, 3170, -3290)
ID: 1702
(2950, -1910, 2990, -1855)
ID: 1703
(2950, -1550, 2990, -1510)
ID: 1704
(2950, -1270, 2990, -1150)
ID: 1705
(2950, 2395, 3170, 3190)
ID: 1706
(2950, 3470, 2990, 4265)
ID: 1707
(2950, 4555, 3170, 5350)
ID: 1708
(2950, 5630, 3170, 6425)
ID: 1709
(2995, -6230, 3035, -6175)
ID: 1710
(2995, -5590, 3035, -5470)
ID: 1711
(2995, -2540, 3260, -2500)
ID: 1712
(2995, -1925, 3170, -1130)
ID: 1713
(3040, -6245, 3125, -5450)
ID: 1714
(3040, -850, 3260, -55)
ID: 1715
(3040, -125, 3080, -70)
ID: 1716
(3040, 610, 3260, 650)
ID: 1717
(3040, 890, 3080, 1010)
ID: 1718
(3040, 1330, 3080, 1450)
ID: 1719
(3040, 2035, 3080, 2090)
ID: 1720
(3040, 3490, 3080, 3610)
ID: 1721
(3040, 3470, 3260, 4265)
ID: 1722
(3040, 4030, 3080, 4070)
ID: 1723
(3040, 4195, 3080, 4250)
ID: 1724
(3040, 4705, 3170, 4745)
ID: 1725
(3085, -4700, 3440, -4660)
ID: 1726
(3130, -6245, 3350, -5450)
ID: 1727
(3130, -4085, 3350, -3290)
ID: 1728
(3130, -3710, 3170, -3670)
ID: 1729
(3130, -3430, 3170, -3310)
ID: 1730
(3130, -2990, 3170, -2870)
ID: 1731
(3130, -2630, 3170, -2590)
ID: 1732
(3130, -2285, 3170, -2230)
ID: 1733
(3130, -470, 3170, -430)
ID: 1734
(3130, 1310, 3350, 2105)
ID: 1735
(3130, 2410, 3170, 2465)
ID: 1736
(3130, 2680, 3170, 2720)
ID: 1737
(3130, 2395, 3260, 3190)
ID: 1738
(3130, 4570, 3170, 4625)
ID: 1739
(3130, 4840, 3170, 4880)
ID: 1740
(3130, 4555, 3260, 5350)
ID: 1741
(3130, 5650, 3170, 5770)
ID: 1742
(3130, 6355, 3170, 6410)
ID: 1743
(3175, -6230, 3215, -6175)
ID: 1744
(3175, -5590, 3215, -5470)
ID: 1745
(3175, -4790, 3350, -4750)
ID: 1746
(3220, -3010, 3350, -2215)
ID: 1747
(3220, -1910, 3260, -1855)
ID: 1748
(3220, -1730, 3260, -1690)
ID: 1749
(3220, -1925, 3440, -1130)
ID: 1750
(3220, -1270, 3260, -1150)
ID: 1751
(3220, -830, 3260, -710)
ID: 1752
(3220, -125, 3260, -70)
ID: 1753
(3220, 250, 3260, 305)
ID: 1754
(3220, 385, 3350, 425)
ID: 1755
(3220, 890, 3260, 1010)
ID: 1756
(3220, 3490, 3260, 3610)
ID: 1757
(3220, 3850, 3260, 3890)
ID: 1758
(3220, 5630, 3620, 6425)
ID: 1759
(3265, 1330, 3305, 1450)
ID: 1760
(3265, 2035, 3305, 2090)
ID: 1761
(3310, -5150, 3350, -5030)
ID: 1762
(3310, -4445, 3350, -4390)
ID: 1763
(3310, -4070, 3350, -4015)
ID: 1764
(3310, -3890, 3350, -3850)
ID: 1765
(3310, -3430, 3350, -3310)
ID: 1766
(3310, -2990, 3350, -2870)
ID: 1767
(3310, -850, 3350, -55)
ID: 1768
(3310, 520, 3350, 560)
ID: 1769
(3310, 235, 3710, 1030)
ID: 1770
(3310, 2410, 3350, 2465)
ID: 1771
(3310, 2770, 3350, 2810)
ID: 1772
(3310, 3050, 3350, 3170)
ID: 1773
(3310, 4570, 3350, 4625)
ID: 1774
(3310, 4930, 3350, 4970)
ID: 1775
(3310, 5210, 3350, 5330)
ID: 1776
(3310, 6100, 3350, 6140)
ID: 1777
(3310, 6355, 3350, 6410)
ID: 1778
(3355, 1310, 3440, 2105)
ID: 1779
(3355, 2545, 3530, 2585)
ID: 1780
(3400, -6230, 3440, -6175)
ID: 1781
(3400, -5870, 3575, -5830)
ID: 1782
(3400, -5590, 3440, -5470)
ID: 1783
(3400, -5170, 3665, -4375)
ID: 1784
(3400, -4085, 3575, -3290)
ID: 1785
(3400, -1550, 3710, -1510)
ID: 1786
(3400, -1270, 3440, -1150)
ID: 1787
(3400, 890, 3440, 1010)
ID: 1788
(3400, 3470, 3620, 4265)
ID: 1789
(3400, 4030, 3440, 4070)
ID: 1790
(3400, 4195, 3440, 4250)
ID: 1791
(3445, -2630, 3620, -2590)
ID: 1792
(3445, -1925, 3890, -1130)
ID: 1793
(3445, 1330, 3485, 1450)
ID: 1794
(3445, 2035, 3485, 2090)
ID: 1795
(3445, 6010, 3620, 6050)
ID: 1796
(3490, -5150, 3530, -5030)
ID: 1797
(3490, 1310, 3575, 2105)
ID: 1798
(3490, 2410, 3530, 2465)
ID: 1799
(3490, 2770, 3530, 2810)
ID: 1800
(3490, 3050, 3530, 3170)
ID: 1801
(3490, 3850, 3530, 3890)
ID: 1802
(3580, -2990, 3620, -2870)
ID: 1803
(3580, -3010, 3800, -2215)
ID: 1804
(3580, -830, 3620, -710)
ID: 1805
(3580, -470, 3620, -430)
ID: 1806
(3580, -850, 3800, -55)
ID: 1807
(3580, 250, 3620, 305)
ID: 1808
(3580, 610, 3620, 650)
ID: 1809
(3580, 890, 3620, 1010)
ID: 1810
(3580, 2395, 3620, 3190)
ID: 1811
(3580, 3490, 3620, 3610)
ID: 1812
(3580, 4195, 3620, 4250)
ID: 1813
(3580, 4555, 3800, 5350)
ID: 1814
(3580, 4930, 3620, 4970)
ID: 1815
(3580, 5210, 3620, 5330)
ID: 1816
(3580, 5650, 3620, 5770)
ID: 1817
(3580, 6355, 3620, 6410)
ID: 1818
(3670, -6230, 3710, -6175)
ID: 1819
(3670, -6050, 3710, -6010)
ID: 1820
(3670, -6245, 3890, -5450)
ID: 1821
(3670, -4070, 3710, -4015)
ID: 1822
(3670, -3710, 3710, -3670)
ID: 1823
(3670, -3430, 3710, -3310)
ID: 1824
(3670, -1910, 3710, -1855)
ID: 1825
(3670, -1270, 3710, -1150)
ID: 1826
(3670, 235, 3980, 1030)
ID: 1827
(3670, 1330, 3710, 1450)
ID: 1828
(3670, 1690, 3800, 1730)
ID: 1829
(3670, 2035, 3710, 2090)
ID: 1830
(3670, 3470, 3710, 4265)
ID: 1831
(3670, 5630, 3800, 6425)
ID: 1832
(3670, 6100, 3710, 6140)
ID: 1833
(3760, -5870, 3800, -5830)
ID: 1834
(3760, -5170, 3800, -4375)
ID: 1835
(3760, -3800, 3800, -3760)
ID: 1836
(3760, -4085, 4160, -3290)
ID: 1837
(3760, -2990, 3800, -2870)
ID: 1838
(3760, -2450, 3800, -2410)
ID: 1839
(3760, -2285, 3800, -2230)
ID: 1840
(3760, -830, 3800, -710)
ID: 1841
(3760, -290, 3800, -250)
ID: 1842
(3760, -125, 3800, -70)
ID: 1843
(3760, 890, 3800, 1010)
ID: 1844
(3760, 1310, 4070, 2090)
ID: 1845
(3760, 1780, 3800, 1820)
ID: 1846
(3760, 2395, 3935, 3190)
ID: 1847
(3760, 3940, 3980, 3980)
ID: 1848
(3760, 4570, 3800, 4625)
ID: 1849
(3760, 4750, 3800, 4790)
ID: 1850
(3760, 5210, 3800, 5330)
ID: 1851
(3760, 5650, 3800, 5770)
ID: 1852
(3850, -6230, 3890, -6175)
ID: 1853
(3850, -5590, 3890, -5470)
ID: 1854
(3850, -5150, 3890, -5030)
ID: 1855
(3850, -4790, 3980, -4750)
ID: 1856
(3850, -5170, 4070, -4375)
ID: 1857
(3850, -4445, 3890, -4390)
ID: 1858
(3850, -3430, 3890, -3310)
ID: 1859
(3850, -3010, 3890, -2215)
ID: 1860
(3850, -1910, 3890, -1855)
ID: 1861
(3850, -1640, 3890, -1600)
ID: 1862
(3850, -850, 4070, -55)
ID: 1863
(3850, 1330, 3890, 1450)
ID: 1864
(3850, 2410, 3890, 2465)
ID: 1865
(3850, 2395, 4205, 3190)
ID: 1866
(3850, 3050, 3890, 3170)
ID: 1867
(3850, 3490, 3890, 3610)
ID: 1868
(3850, 3850, 3890, 3890)
ID: 1869
(3850, 4195, 3890, 4250)
ID: 1870
(3850, 4555, 3890, 5350)
ID: 1871
(3940, -6245, 3980, -5450)
ID: 1872
(3940, 250, 3980, 305)
ID: 1873
(3940, 235, 4070, 1030)
ID: 1874
(3940, 1870, 4205, 1910)
ID: 1875
(3940, 3470, 4205, 4265)
ID: 1876
(3940, 5630, 4160, 6425)
ID: 1877
(3940, 6190, 3980, 6230)
ID: 1878
(3940, 6355, 3980, 6410)
ID: 1879
(3985, -1550, 4250, -1510)
ID: 1880
(3985, 4840, 4160, 4880)
ID: 1881
(4030, -5960, 4250, -5920)
ID: 1882
(4030, -4610, 4385, -4570)
ID: 1883
(4030, -4445, 4070, -4390)
ID: 1884
(4030, -2990, 4070, -2870)
ID: 1885
(4030, -2630, 4070, -2590)
ID: 1886
(4030, -2285, 4070, -2230)
ID: 1887
(4030, -850, 4385, -55)
ID: 1888
(4030, -125, 4070, -70)
ID: 1889
(4030, 1330, 4070, 1450)
ID: 1890
(4030, 1310, 4520, 2090)
ID: 1891
(4030, 1780, 4070, 1820)
ID: 1892
(4030, 3490, 4070, 3610)
ID: 1893
(4030, 4570, 4070, 4625)
ID: 1894
(4030, 4930, 4070, 4970)
ID: 1895
(4030, 5210, 4070, 5330)
ID: 1896
(4030, 6010, 4070, 6050)
ID: 1897
(4120, -6230, 4160, -6175)
ID: 1898
(4120, -5870, 4160, -5830)
ID: 1899
(4120, -5590, 4160, -5470)
ID: 1900
(4120, -4070, 4160, -4015)
ID: 1901
(4120, -3430, 4160, -3310)
ID: 1902
(4120, -3010, 4250, -2215)
ID: 1903
(4120, -2540, 4160, -2500)
ID: 1904
(4120, 250, 4160, 305)
ID: 1905
(4120, 610, 4295, 650)
ID: 1906
(4120, 890, 4160, 1010)
ID: 1907
(4120, 2410, 4160, 2465)
ID: 1908
(4120, 2770, 4160, 2810)
ID: 1909
(4120, 3050, 4160, 3170)
ID: 1910
(4120, 4555, 4250, 5350)
ID: 1911
(4120, 5650, 4160, 5770)
ID: 1912
(4120, 6355, 4160, 6410)
ID: 1913
(4165, -4790, 4430, -4750)
ID: 1914
(4165, 430, 4340, 560)
ID: 1915
(4210, -6245, 4520, -5450)
ID: 1916
(4210, -4085, 4520, -3290)
ID: 1917
(4210, -2990, 4250, -2870)
ID: 1918
(4210, -1925, 4430, -1130)
ID: 1919
(4210, -1270, 4250, -1150)
ID: 1920
(4210, -830, 4250, -710)
ID: 1921
(4210, -470, 4250, -430)
ID: 1922
(4210, -125, 4250, -70)
ID: 1923
(4210, 1330, 4250, 1450)
ID: 1924
(4210, 1690, 4250, 1820)
ID: 1925
(4210, 2770, 4340, 2810)
ID: 1926
(4210, 3490, 4250, 3610)
ID: 1927
(4210, 3850, 4250, 3890)
ID: 1928
(4210, 4195, 4250, 4250)
ID: 1929
(4210, 5210, 4250, 5330)
ID: 1930
(4210, 5630, 4520, 6425)
ID: 1931
(4300, -5590, 4340, -5470)
ID: 1932
(4300, 250, 4745, 1030)
ID: 1933
(4300, 1870, 4340, 1910)
ID: 1934
(4300, 2395, 4520, 3190)
ID: 1935
(4300, 3050, 4340, 3170)
ID: 1936
(4300, 3470, 4520, 4265)
ID: 1937
(4300, 3940, 4340, 3980)
ID: 1938
(4345, -850, 4520, -55)
ID: 1939
(4390, -5150, 4430, -5030)
ID: 1940
(4390, -4445, 4430, -4390)
ID: 1941
(4390, -3010, 4610, -2215)
ID: 1942
(4390, -2450, 4430, -2410)
ID: 1943
(4390, -2285, 4430, -2230)
ID: 1944
(4390, -1910, 4430, -1855)
ID: 1945
(4390, -1730, 4430, -1690)
ID: 1946
(4390, -1270, 4430, -1150)
ID: 1947
(4390, 890, 4430, 1010)
ID: 1948
(4390, 1330, 4430, 1450)
ID: 1949
(4390, 3490, 4430, 3610)
ID: 1950
(4390, 5650, 4430, 5770)
ID: 1951
(4390, 6010, 4430, 6050)
ID: 1952
(4390, 6355, 4430, 6410)
ID: 1953
(4435, -5960, 4610, -5920)
ID: 1954
(4480, -6230, 4520, -6175)
ID: 1955
(4480, -5590, 4520, -5470)
ID: 1956
(4480, -5170, 4745, -4375)
ID: 1957
(4480, -4085, 4700, -3290)
ID: 1958
(4480, -3430, 4520, -3310)
ID: 1959
(4480, -2630, 4520, -2590)
ID: 1960
(4480, -1925, 4520, -1130)
ID: 1961
(4480, 520, 4520, 560)
ID: 1962
(4480, 1780, 4655, 1820)
ID: 1963
(4480, 2410, 4520, 2465)
ID: 1964
(4480, 2500, 4520, 2630)
ID: 1965
(4480, 3050, 4520, 3170)
ID: 1966
(4480, 3470, 4610, 4265)
ID: 1967
(4480, 4555, 4610, 5350)
ID: 1968
(4480, 5210, 4520, 5330)
ID: 1969
(4480, 5630, 4610, 6425)
ID: 1970
(4525, 1310, 4880, 2105)
ID: 1971
(4570, -6245, 4970, -5450)
ID: 1972
(4570, -2990, 4610, -2870)
ID: 1973
(4570, -2285, 4610, -2230)
ID: 1974
(4570, -830, 4610, -710)
ID: 1975
(4570, -850, 4790, -55)
ID: 1976
(4570, -290, 4610, -250)
ID: 1977
(4570, -125, 4610, -70)
ID: 1978
(4570, 250, 4610, 305)
ID: 1979
(4570, 610, 4610, 650)
ID: 1980
(4570, 890, 4610, 1010)
ID: 1981
(4570, 1330, 4610, 1450)
ID: 1982
(4570, 1690, 4610, 1730)
ID: 1983
(4570, 2035, 4610, 2090)
ID: 1984
(4570, 2395, 4610, 3190)
ID: 1985
(4570, 4555, 4880, 5350)
ID: 1986
(4570, 5650, 4610, 5770)
ID: 1987
(4615, -4790, 4790, -4750)
ID: 1988
(4615, 475, 4790, 515)
ID: 1989
(4660, -5590, 4700, -5470)
ID: 1990
(4660, -4070, 4700, -4015)
ID: 1991
(4660, -3890, 4700, -3850)
ID: 1992
(4660, -3430, 4700, -3310)
ID: 1993
(4660, -3010, 4700, -2215)
ID: 1994
(4660, -1925, 4880, -1130)
ID: 1995
(4660, -1550, 4700, -1510)
ID: 1996
(4660, -1270, 4700, -1150)
ID: 1997
(4660, 3490, 4700, 3610)
ID: 1998
(4660, 3470, 4880, 4265)
ID: 1999
(4660, 4195, 4700, 4250)
ID: 2000
(4660, 4570, 4700, 4625)
ID: 2001
(4660, 4930, 4700, 4970)
ID: 2002
(4660, 5210, 4700, 5330)
ID: 2003
(4705, -4700, 4880, -4660)
ID: 2004
(4750, -5150, 4790, -5030)
ID: 2005
(4750, -4445, 4790, -4390)
ID: 2006
(4750, -4085, 4880, -3290)
ID: 2007
(4750, -830, 4790, -710)
ID: 2008
(4750, -470, 4790, -430)
ID: 2009
(4750, 250, 4790, 305)
ID: 2010
(4750, 610, 4790, 650)
ID: 2011
(4750, 890, 4790, 1010)
ID: 2012
(4750, 1330, 4790, 1450)
ID: 2013
(4750, 2395, 4970, 3190)
ID: 2014
(4750, 2770, 4790, 2810)
ID: 2015
(4750, 3050, 4790, 3170)
ID: 2016
(4750, 3850, 4790, 3890)
ID: 2017
(4750, 5650, 4790, 5770)
ID: 2018
(4750, 6010, 4790, 6050)
ID: 2019
(4750, 5630, 4970, 6425)
ID: 2020
(4840, -5170, 5150, -4375)
ID: 2021
(4840, -3010, 4970, -2215)
ID: 2022
(4840, -2540, 4880, -2500)
ID: 2023
(4840, -2285, 4880, -2230)
ID: 2024
(4840, -1910, 4880, -1855)
ID: 2025
(4840, -1730, 4880, -1690)
ID: 2026
(4840, -1270, 4880, -1150)
ID: 2027
(4840, 235, 5060, 1030)
ID: 2028
(4840, 1780, 4880, 1820)
ID: 2029
(4840, 4030, 4880, 4070)
ID: 2030
(4840, 4195, 4880, 4250)
ID: 2031
(4930, -6230, 4970, -6175)
ID: 2032
(4930, -5870, 4970, -5830)
ID: 2033
(4930, -5590, 4970, -5470)
ID: 2034
(4930, -5150, 4970, -5030)
ID: 2035
(4930, -4085, 4970, -3290)
ID: 2036
(4930, -1925, 5150, -1130)
ID: 2037
(4930, 1330, 4970, 1450)
ID: 2038
(4930, 1690, 5240, 1730)
ID: 2039
(4930, 2035, 4970, 2090)
ID: 2040
(4930, 2410, 4970, 2465)
ID: 2041
(4930, 2590, 4970, 2630)
ID: 2042
(4930, 3050, 4970, 3170)
ID: 2043
(4930, 4570, 4970, 4625)
ID: 2044
(4930, 4555, 5150, 5350)
ID: 2045
(4930, 5210, 4970, 5330)
ID: 2046
(4930, 5650, 4970, 5770)
ID: 2047
(4930, 6190, 4970, 6230)
ID: 2048
(4930, 6355, 4970, 6410)
ID: 2049
(4975, 1780, 5330, 1820)
ID: 2050
(5020, -6245, 5195, -5450)
ID: 2051
(5020, -4070, 5060, -4015)
ID: 2052
(5020, -3710, 5060, -3670)
ID: 2053
(5020, -3430, 5060, -3310)
ID: 2054
(5020, -2990, 5060, -2870)
ID: 2055
(5020, -3010, 5240, -2215)
ID: 2056
(5020, -2285, 5060, -2230)
ID: 2057
(5020, -830, 5060, -710)
ID: 2058
(5020, -470, 5060, -430)
ID: 2059
(5020, -850, 5240, -55)
ID: 2060
(5020, 250, 5060, 305)
ID: 2061
(5020, 610, 5060, 650)
ID: 2062
(5020, 890, 5060, 1010)
ID: 2063
(5020, 2395, 5150, 3190)
ID: 2064
(5020, 3490, 5060, 3610)
ID: 2065
(5020, 3850, 5060, 3890)
ID: 2066
(5020, 3470, 5240, 4265)
ID: 2067
(5020, 4930, 5060, 4970)
ID: 2068
(5020, 5630, 5240, 6425)
ID: 2069
(5110, -5150, 5150, -5030)
ID: 2070
(5110, -4445, 5150, -4390)
ID: 2071
(5110, -1910, 5150, -1855)
ID: 2072
(5110, -1270, 5150, -1150)
ID: 2073
(5110, 235, 5285, 1030)
ID: 2074
(5110, 2770, 5240, 2810)
ID: 2075
(5110, 4570, 5150, 4625)
ID: 2076
(5110, 4750, 5240, 4790)
ID: 2077
(5200, -5170, 5330, -4375)
ID: 2078
(5200, -4700, 5240, -4660)
ID: 2079
(5200, -4085, 5420, -3290)
ID: 2080
(5200, -3710, 5240, -3670)
ID: 2081
(5200, -3430, 5240, -3310)
ID: 2082
(5200, -1925, 5645, -1130)
ID: 2083
(5200, -830, 5240, -710)
ID: 2084
(5200, -290, 5240, -250)
ID: 2085
(5200, -125, 5240, -70)
ID: 2086
(5200, 1330, 5240, 1450)
ID: 2087
(5200, 2035, 5240, 2090)
ID: 2088
(5200, 2395, 5420, 3190)
ID: 2089
(5200, 3050, 5240, 3170)
ID: 2090
(5200, 3490, 5240, 3610)
ID: 2091
(5200, 4030, 5240, 4070)
ID: 2092
(5200, 4195, 5240, 4250)
ID: 2093
(5200, 5650, 5240, 5770)
ID: 2094
(5200, 6010, 5240, 6050)
ID: 2095
(5200, 6355, 5240, 6410)
ID: 2096
(5290, -6245, 5330, -5450)
ID: 2097
(5290, -5150, 5330, -5030)
ID: 2098
(5290, -3890, 5420, -3850)
ID: 2099
(5290, -2990, 5330, -2870)
ID: 2100
(5290, -3010, 5510, -2215)
ID: 2101
(5290, -2450, 5330, -2410)
ID: 2102
(5290, -2285, 5330, -2230)
ID: 2103
(5290, -1910, 5330, -1855)
ID: 2104
(5290, -1640, 5330, -1600)
ID: 2105
(5290, -850, 5330, -55)
ID: 2106
(5290, 250, 5510, 1030)
ID: 2107
(5290, 430, 5330, 470)
ID: 2108
(5290, 1310, 5510, 2090)
ID: 2109
(5290, 3470, 5330, 4265)
ID: 2110
(5290, 4555, 5420, 5350)
ID: 2111
(5290, 5210, 5330, 5330)
ID: 2112
(5290, 5630, 5465, 6425)
ID: 2113
(5380, -6230, 5420, -6175)
ID: 2114
(5380, -6050, 5420, -6010)
ID: 2115
(5380, -6245, 5600, -5450)
ID: 2116
(5380, -5590, 5420, -5470)
ID: 2117
(5380, -4070, 5420, -4015)
ID: 2118
(5380, -3430, 5420, -3310)
ID: 2119
(5380, 890, 5420, 1010)
ID: 2120
(5380, 1330, 5420, 1450)
ID: 2121
(5380, 2410, 5420, 2465)
ID: 2122
(5380, 2590, 5420, 2630)
ID: 2123
(5380, 3050, 5420, 3170)
ID: 2124
(5380, 4750, 5510, 4790)
ID: 2125
(5380, 4840, 5420, 4880)
ID: 2126
(5380, 6010, 5510, 6050)
ID: 2127
(5425, -1550, 5690, -1510)
ID: 2128
(5470, -4085, 5690, -3290)
ID: 2129
(5470, -2990, 5510, -2870)
ID: 2130
(5470, -2630, 5510, -2590)
ID: 2131
(5470, -850, 5690, -55)
ID: 2132
(5470, -290, 5510, -250)
ID: 2133
(5470, -125, 5510, -70)
ID: 2134
(5470, 520, 5735, 560)
ID: 2135
(5470, 1870, 5645, 1910)
ID: 2136
(5470, 2395, 5690, 3190)
ID: 2137
(5470, 3490, 5510, 3610)
ID: 2138
(5470, 3850, 5510, 3890)
ID: 2139
(5470, 4195, 5510, 4250)
ID: 2140
(5470, 4570, 5510, 4625)
ID: 2141
(5470, 4930, 5510, 4970)
ID: 2142
(5470, 5210, 5510, 5330)
ID: 2143
(5470, 5650, 5510, 5770)
ID: 2144
(5470, 6355, 5510, 6410)
ID: 2145
(5515, 1690, 5780, 1730)
ID: 2146
(5560, -5870, 5600, -5830)
ID: 2147
(5560, -5590, 5600, -5470)
ID: 2148
(5560, -5170, 5600, -4375)
ID: 2149
(5560, -470, 5600, -430)
ID: 2150
(5560, 250, 5600, 305)
ID: 2151
(5560, 610, 5600, 650)
ID: 2152
(5560, 890, 5600, 1010)
ID: 2153
(5560, 3470, 5690, 4265)
ID: 2154
(5560, 5630, 5600, 6425)
ID: 2155
(5605, -2540, 5780, -2500)
ID: 2156
(5605, 1780, 5870, 1820)
ID: 2157
(5650, -5150, 5690, -5030)
ID: 2158
(5650, -5170, 5870, -4375)
ID: 2159
(5650, -4790, 5690, -4750)
ID: 2160
(5650, -4445, 5690, -4390)
ID: 2161
(5650, -4070, 5690, -4015)
ID: 2162
(5650, -3430, 5690, -3310)
ID: 2163
(5650, -2990, 5690, -2870)
ID: 2164
(5650, -2630, 5690, -2590)
ID: 2165
(5650, -2285, 5690, -2230)
ID: 2166
(5650, -1910, 5690, -1855)
ID: 2167
(5650, -1270, 5690, -1150)
ID: 2168
(5650, -830, 5690, -710)
ID: 2169
(5650, -125, 5690, -70)
ID: 2170
(5650, 2410, 5690, 2465)
ID: 2171
(5650, 2770, 5690, 2810)
ID: 2172
(5650, 3050, 5690, 3170)
ID: 2173
(5650, 3850, 5690, 3980)
ID: 2174
(5650, 4195, 5690, 4250)
ID: 2175
(5695, 745, 5870, 785)
ID: 2176
(5740, -6245, 5960, -5450)
ID: 2177
(5740, -5870, 5780, -5830)
ID: 2178
(5740, -5590, 5780, -5470)
ID: 2179
(5740, -4085, 6005, -3290)
ID: 2180
(5740, -3010, 6140, -2230)
ID: 2181
(5740, -1925, 5915, -1130)
ID: 2182
(5740, -850, 5870, -55)
ID: 2183
(5740, 1330, 5780, 1450)
ID: 2184
(5740, 2035, 5780, 2090)
ID: 2185
(5740, 2395, 5870, 3190)
ID: 2186
(5740, 4555, 5960, 5350)
ID: 2187
(5740, 4930, 5780, 4970)
ID: 2188
(5740, 5210, 5780, 5330)
ID: 2189
(5740, 5650, 5780, 5770)
ID: 2190
(5740, 6010, 5780, 6050)
ID: 2191
(5740, 5630, 5960, 6425)
ID: 2192
(5785, 610, 6230, 650)
ID: 2193
(5785, 3470, 5960, 4265)
ID: 2194
(5830, -4070, 5870, -4015)
ID: 2195
(5830, -3800, 5870, -3760)
ID: 2196
(5830, -2990, 5870, -2870)
ID: 2197
(5830, -1910, 5870, -1855)
ID: 2198
(5830, -1640, 6005, -1600)
ID: 2199
(5830, 1310, 5960, 2105)
ID: 2200
(5830, 2410, 5870, 2465)
ID: 2201
(5830, 2680, 5870, 2720)
ID: 2202
(5830, 3490, 5870, 3610)
ID: 2203
(5830, 3850, 5870, 3890)
ID: 2204
(5830, 4195, 5870, 4250)
ID: 2205
(5875, -1550, 6140, -1510)
ID: 2206
(5920, -6230, 5960, -6175)
ID: 2207
(5920, -6050, 5960, -6010)
ID: 2208
(5920, -5590, 5960, -5470)
ID: 2209
(5920, -5150, 5960, -5030)
ID: 2210
(5920, -5170, 6140, -4375)
ID: 2211
(5920, -4445, 5960, -4390)
ID: 2212
(5920, -2450, 5960, -2410)
ID: 2213
(5920, -830, 5960, -710)
ID: 2214
(5920, -850, 6095, -55)
ID: 2215
(5920, 1330, 5960, 1450)
ID: 2216
(5920, 4570, 5960, 4625)
ID: 2217
(5920, 4750, 5960, 4790)
ID: 2218
(5920, 5210, 5960, 5330)
ID: 2219
(5920, 5650, 5960, 5770)
ID: 2220
(5920, 6190, 5960, 6230)
ID: 2221
(5920, 6355, 5960, 6410)
ID: 2222
(6010, -6245, 6230, -5450)
ID: 2223
(6010, -4790, 6050, -4750)
ID: 2224
(6010, -380, 6050, -340)
ID: 2225
(6010, 2410, 6230, 3190)
ID: 2226
(6010, 2590, 6050, 2630)
ID: 2227
(6010, 4555, 6230, 5350)
ID: 2228
(6010, 5630, 6230, 6425)
ID: 2229
(6100, -4610, 6140, -4570)
ID: 2230
(6100, -4445, 6140, -4390)
ID: 2231
(6100, -4070, 6140, -4015)
ID: 2232
(6100, -3890, 6140, -3850)
ID: 2233
(6100, -4085, 6320, -3290)
ID: 2234
(6100, -2990, 6140, -2870)
ID: 2235
(6100, -2285, 6140, -2230)
ID: 2236
(6100, -1925, 6320, -1130)
ID: 2237
(6100, -1270, 6140, -1150)
ID: 2238
(6100, -830, 6140, -710)
ID: 2239
(6100, -850, 6410, -55)
ID: 2240
(6100, -125, 6140, -70)
ID: 2241
(6100, 3050, 6140, 3170)
ID: 2242
(6100, 3470, 6365, 4265)
ID: 2243
(6145, 4555, 6410, 5350)
ID: 2244
(6190, -6230, 6230, -6175)
ID: 2245
(6190, -5590, 6230, -5470)
ID: 2246
(6190, -3710, 6230, -3670)
ID: 2247
(6190, -3010, 6410, -2215)
ID: 2248
(6190, -1730, 6320, -1690)
ID: 2249
(6190, 235, 6410, 1030)
ID: 2250
(6190, 890, 6230, 1010)
ID: 2251
(6190, 1330, 6230, 1450)
ID: 2252
(6190, 1690, 6230, 1730)
ID: 2253
(6190, 1310, 6410, 2105)
ID: 2254
(6190, 2680, 6230, 2720)
ID: 2255
(6190, 3490, 6230, 3610)
ID: 2256
(6190, 3850, 6230, 3890)
ID: 2257
(6190, 4195, 6230, 4250)
ID: 2258
(6190, 4570, 6230, 4625)
ID: 2259
(6190, 5210, 6230, 5330)
ID: 2260
(6190, 5650, 6230, 5770)
ID: 2261
(6190, 6010, 6230, 6050)
ID: 2262
(6190, 6355, 6230, 6410)
ID: 2263
(6280, -6245, 6545, -5450)
ID: 2264
(6280, -5150, 6320, -5030)
ID: 2265
(6280, -5170, 6410, -4375)
ID: 2266
(6280, -4070, 6320, -4015)
ID: 2267
(6280, -3430, 6320, -3310)
ID: 2268
(6280, -1910, 6320, -1855)
ID: 2269
(6280, -1270, 6320, -1150)
ID: 2270
(6280, -830, 6320, -710)
ID: 2271
(6280, 2410, 6320, 2465)
ID: 2272
(6280, 2770, 6455, 2810)
ID: 2273
(6280, 3050, 6320, 3170)
ID: 2274
(6280, 5630, 6545, 6425)
ID: 2275
(6370, -6230, 6410, -6175)
ID: 2276
(6370, -5960, 6410, -5920)
ID: 2277
(6370, -4700, 6410, -4660)
ID: 2278
(6370, -4085, 6410, -3290)
ID: 2279
(6370, -2990, 6410, -2870)
ID: 2280
(6370, -2630, 6410, -2590)
ID: 2281
(6370, -2285, 6410, -2230)
ID: 2282
(6370, -1925, 6410, -1130)
ID: 2283
(6370, -380, 6410, -340)
ID: 2284
(6370, 250, 6410, 305)
ID: 2285
(6370, 430, 6410, 470)
ID: 2286
(6370, 890, 6410, 1010)
ID: 2287
(6370, 1330, 6410, 1450)
ID: 2288
(6370, 1870, 6410, 1910)
ID: 2289
(6370, 2035, 6410, 2090)
ID: 2290
(6370, 3490, 6410, 3610)
ID: 2291
(6370, 3850, 6410, 3890)
ID: 2292
(6370, 4195, 6410, 4250)
ID: 2293
(6370, 4570, 6410, 4625)
ID: 2294
(6370, 4555, 6590, 5350)
ID: 2295
(6370, 6100, 6410, 6140)
ID: 2296
(6370, 6355, 6410, 6410)
ID: 2297
(6460, -5150, 6500, -5030)
ID: 2298
(6460, -4790, 6500, -4750)
ID: 2299
(6460, -4445, 6500, -4390)
ID: 2300
(6460, -3010, 6680, -2215)
ID: 2301
(6460, -830, 6500, -710)
ID: 2302
(6460, -470, 6500, -430)
ID: 2303
(6460, -245, 6680, -205)
ID: 2304
(6460, -125, 6500, -70)
ID: 2305
(6460, 235, 6500, 1030)
ID: 2306
(6460, 1310, 6500, 2105)
ID: 2307
(6460, 3470, 6590, 4265)
ID: 2308
(6505, -5870, 6680, -5830)
ID: 2309
(6505, -4085, 6770, -3290)
ID: 2310
(6505, 6010, 6680, 6050)
ID: 2311
(6550, -1925, 6770, -1130)
ID: 2312
(6550, -1550, 6590, -1420)
ID: 2313
(6550, -1270, 6590, -1150)
ID: 2314
(6595, -6230, 6635, -6175)
ID: 2315
(6595, -5590, 6635, -5470)
ID: 2316
(6595, -5150, 6635, -5030)
ID: 2317
(6595, -4445, 6635, -4390)
ID: 2318
(6595, -2990, 6635, -2870)
ID: 2319
(6595, -2285, 6635, -2230)
ID: 2320
(6595, 235, 6770, 1030)
ID: 2321
(6595, 2410, 6635, 2465)
ID: 2322
(6595, 3050, 6635, 3170)
ID: 2323
(6595, 5650, 6635, 5770)
ID: 2324
(6595, 6355, 6635, 6410)
ID: 2325
(6640, -4790, 6680, -4750)
ID: 2326
(6640, -3430, 6680, -3310)
ID: 2327
(6640, -850, 6770, -55)
ID: 2328
(6640, -380, 6680, -340)
ID: 2329
(6640, -125, 6680, -70)
ID: 2330
(6640, 250, 6680, 305)
ID: 2331
(6640, 520, 6680, 560)
ID: 2332
(6640, 1330, 6680, 1450)
ID: 2333
(6640, 1690, 6680, 1730)
ID: 2334
(6640, 2035, 6680, 2090)
ID: 2335
(6640, 2770, 6680, 2810)
ID: 2336
(6640, 3470, 6680, 4265)
ID: 2337
(6640, 4570, 6680, 4625)
ID: 2338
(6640, 4750, 6680, 4790)
ID: 2339
(6640, 4555, 6860, 5350)
ID: 2340
(6640, 5210, 6680, 5330)
ID: 2341
(6685, -6245, 6770, -5450)
ID: 2342
(6685, -5170, 6770, -4375)
ID: 2343
(6685, -3010, 6770, -2215)
ID: 2344
(6685, 2395, 6770, 3190)
ID: 2345
(6685, 5630, 6770, 6425)
ID: 2346
(6730, -3800, 6770, -3760)
ID: 2347
(6730, -1910, 6770, -1855)
ID: 2348
(6730, -1730, 6770, -1690)
ID: 2349
(6730, -1270, 6770, -1150)
ID: 2350
(6730, 1310, 6860, 2105)
ID: 2351
(6730, 3490, 6770, 3610)
ID: 2352
(6730, 3850, 6770, 3890)
ID: 2353
(6730, 4195, 6770, 4250)
ID: 2354
(6775, -6230, 6815, -6175)
ID: 2355
(6775, -5590, 6815, -5470)
ID: 2356
(6775, -5150, 6815, -5030)
ID: 2357
(6775, -4445, 6815, -4390)
ID: 2358
(6775, -2990, 6815, -2870)
ID: 2359
(6775, -2285, 6815, -2230)
ID: 2360
(6775, 2410, 6815, 2465)
ID: 2361
(6775, 3050, 6815, 3170)
ID: 2362
(6775, 5650, 6815, 5770)
ID: 2363
(6775, 6355, 6815, 6410)
ID: 2364
(6820, -6245, 8975, -5450)
ID: 2365
(6820, -5170, 6905, -4375)
ID: 2366
(6820, -4070, 6860, -4015)
ID: 2367
(6820, -3710, 6860, -3670)
ID: 2368
(6820, -3430, 6860, -3310)
ID: 2369
(6820, -3010, 6905, -2215)
ID: 2370
(6820, -1925, 6860, -1130)
ID: 2371
(6820, -830, 6860, -710)
ID: 2372
(6820, -470, 6860, -430)
ID: 2373
(6820, -125, 6860, -70)
ID: 2374
(6820, 250, 6860, 305)
ID: 2375
(6820, 610, 6860, 650)
ID: 2376
(6820, 890, 6860, 1010)
ID: 2377
(6820, 1780, 6860, 1820)
ID: 2378
(6820, 2035, 6860, 2090)
ID: 2379
(6820, 2395, 8975, 3190)
ID: 2380
(6820, 4930, 6860, 4970)
ID: 2381
(6820, 5210, 6860, 5330)
ID: 2382
(6820, 5630, 6905, 6425)
ID: 2383
(7300, -7640, 7910, -7030)
ID: 2384
(7300, -6400, 7910, -6270)
ID: 2385
(7300, -4350, 7910, -4220)
ID: 2386
(7300, -2190, 7910, -2060)
ID: 2387
(7300, -30, 7910, 100)
ID: 2388
(7300, 2130, 7910, 2260)
ID: 2389
(7300, 4290, 7910, 4420)
ID: 2390
(7300, 6450, 7910, 6580)
ID: 2391
(7300, 7120, 7910, 7730)
ID: 2392
(7605, -4190, 7910, -4120)
ID: 2393
(7605, -2030, 7910, -1960)
ID: 2394
(7605, 130, 7910, 200)
ID: 2395
(7605, 2290, 7910, 2360)
ID: 2396
(7605, 4450, 7910, 4520)
ID: 2397
(8020, -8360, 8630, -7750)
ID: 2398
(8020, -5430, 8630, -5300)
ID: 2399
(8020, -3270, 8630, -3140)
ID: 2400
(8020, -1110, 8630, -980)
ID: 2401
(8020, 1050, 8630, 1180)
ID: 2402
(8020, 3210, 8630, 3340)
ID: 2403
(8020, 5370, 8630, 5500)
ID: 2404
(8020, 7795, 8630, 8405)
ID: 2405
(8325, -5270, 8630, -5200)
ID: 2406
(8325, -3110, 8630, -3040)
ID: 2407
(8325, -950, 8630, -880)
ID: 2408
(8325, 1210, 8630, 1280)
ID: 2409
(8325, 3370, 8630, 3440)
ID: 2410
(8325, 5530, 8630, 5600)
