ID: 0
-6730 -3980
-6730 -3490
-6775 -3490
-6775 -3290
-6815 -3290
-6815 -3530
-6770 -3530
-6770 -3940
-6815 -3940
-6815 -3990
-8845 -3990
-8845 -3985
-8885 -3985
-8885 -4025
-8845 -4025
-8845 -4020
-6815 -4020
-6815 -4085
-6775 -4085
-6775 -3980
-6730 -3980

ID: 1
-6730 1510
-6730 2000
-6775 2000
-6775 2105
-6815 2105
-6815 1960
-6770 1960
-6770 1550
-6815 1550
-6815 1500
-8845 1500
-8845 1505
-8885 1505
-8885 1465
-8845 1465
-8845 1470
-6815 1470
-6815 1310
-6775 1310
-6775 1510
-6730 1510

ID: 2
-6730 2500
-6730 2990
-6775 2990
-6775 3190
-6815 3190
-6815 2950
-6770 2950
-6770 2540
-6815 2540
-6815 2490
-8845 2490
-8845 2495
-8885 2495
-8885 2455
-8845 2455
-8845 2460
-6815 2460
-6815 2395
-6775 2395
-6775 2500
-6730 2500

ID: 3
-8540 -8360
-7930 -8360
-7930 -7750
-8540 -7750
-8540 -8360

ID: 4
-8540 -5430
-7930 -5430
-7930 -5300
-8540 -5300
-8540 -5430

ID: 5
-8540 -5270
-8235 -5270
-8235 -5200
-8540 -5200
-8540 -5270

ID: 6
-8540 -3270
-7930 -3270
-7930 -3140
-8540 -3140
-8540 -3270

ID: 7
-8540 -3110
-8235 -3110
-8235 -3040
-8540 -3040
-8540 -3110

ID: 8
-8540 -1110
-7930 -1110
-7930 -980
-8540 -980
-8540 -1110

ID: 9
-8540 -950
-8235 -950
-8235 -880
-8540 -880
-8540 -950

ID: 10
-8540 1050
-7930 1050
-7930 1180
-8540 1180
-8540 1050

ID: 11
-8540 1210
-8235 1210
-8235 1280
-8540 1280
-8540 1210

ID: 12
-8540 3210
-7930 3210
-7930 3340
-8540 3340
-8540 3210

ID: 13
-8540 3370
-8235 3370
-8235 3440
-8540 3440
-8540 3370

ID: 14
-8540 5370
-7930 5370
-7930 5500
-8540 5500
-8540 5370

ID: 15
-8540 5530
-8235 5530
-8235 5600
-8540 5600
-8540 5530

ID: 16
-8540 7795
-7930 7795
-7930 8405
-8540 8405
-8540 7795

ID: 17
-6730 -5870
-6730 -5830
-6770 -5830
-6770 -5835
-7320 -5835
-7320 -5790
-7855 -5790
-7855 -5785
-7895 -5785
-7895 -5825
-7855 -5825
-7855 -5820
-7350 -5820
-7350 -5865
-6770 -5865
-6770 -5870
-6730 -5870

ID: 18
-6730 430
-6730 470
-6770 470
-6770 465
-7320 465
-7320 510
-7855 510
-7855 515
-7895 515
-7895 475
-7855 475
-7855 480
-7350 480
-7350 435
-6770 435
-6770 430
-6730 430

ID: 19
-7820 -7640
-7210 -7640
-7210 -7030
-7820 -7030
-7820 -7640

ID: 20
-7820 -6400
-7210 -6400
-7210 -6270
-7820 -6270
-7820 -6400

ID: 21
-7820 -4350
-7210 -4350
-7210 -4220
-7820 -4220
-7820 -4350

ID: 22
-7820 -4190
-7515 -4190
-7515 -4120
-7820 -4120
-7820 -4190

ID: 23
-7820 -2190
-7210 -2190
-7210 -2060
-7820 -2060
-7820 -2190

ID: 24
-7820 -2030
-7515 -2030
-7515 -1960
-7820 -1960
-7820 -2030

ID: 25
-7820 -30
-7210 -30
-7210 100
-7820 100
-7820 -30

ID: 26
-7820 130
-7515 130
-7515 200
-7820 200
-7820 130

ID: 27
-7820 2130
-7210 2130
-7210 2260
-7820 2260
-7820 2130

ID: 28
-7820 2290
-7515 2290
-7515 2360
-7820 2360
-7820 2290

ID: 29
-7820 4290
-7210 4290
-7210 4420
-7820 4420
-7820 4290

ID: 30
-7820 4450
-7515 4450
-7515 4520
-7820 4520
-7820 4450

ID: 31
-7820 6450
-7210 6450
-7210 6580
-7820 6580
-7820 6450

ID: 32
-7820 7120
-7210 7120
-7210 7730
-7820 7730
-7820 7120

ID: 33
-6730 5875
-6730 5915
-6770 5915
-6770 5910
-6865 5910
-6865 5915
-6905 5915
-6905 5875
-6865 5875
-6865 5880
-6770 5880
-6770 5875
-6730 5875

ID: 34
-6730 6010
-6730 6050
-6770 6050
-6770 6045
-6865 6045
-6865 6050
-6905 6050
-6905 6010
-6865 6010
-6865 6015
-6770 6015
-6770 6010
-6730 6010

ID: 35
-6730 -4970
-6730 -4480
-6775 -4480
-6775 -4375
-6815 -4375
-6815 -4520
-6770 -4520
-6770 -4930
-6815 -4930
-6815 -5170
-6775 -5170
-6775 -4970
-6730 -4970

ID: 36
-6730 -1820
-6730 -1330
-6775 -1330
-6775 -1130
-6815 -1130
-6815 -1370
-6770 -1370
-6770 -1780
-6815 -1780
-6815 -1925
-6775 -1925
-6775 -1820
-6730 -1820

ID: 37
-6730 4660
-6730 5150
-6775 5150
-6775 5350
-6815 5350
-6815 5110
-6770 5110
-6770 4700
-6815 4700
-6815 4555
-6775 4555
-6775 4660
-6730 4660

ID: 38
-6550 -5960
-6550 -5920
-6640 -5920
-6640 -5450
-6680 -5450
-6680 -5920
-6770 -5920
-6770 -6245
-6730 -6245
-6730 -5960
-6550 -5960

ID: 39
-6770 -5590
-6730 -5590
-6730 -5470
-6770 -5470
-6770 -5590

ID: 40
-6770 -2990
-6730 -2990
-6730 -2870
-6770 -2870
-6770 -2990

ID: 41
-6770 -2630
-6730 -2630
-6730 -2590
-6770 -2590
-6770 -2630

ID: 42
-6770 -2285
-6730 -2285
-6730 -2230
-6770 -2230
-6770 -2285

ID: 43
-6770 -850
-6730 -850
-6730 -55
-6770 -55
-6770 -850

ID: 44
-6770 250
-6730 250
-6730 305
-6770 305
-6770 250

ID: 45
-6550 520
-6550 560
-6730 560
-6730 1030
-6770 1030
-6770 520
-6680 520
-6680 235
-6640 235
-6640 520
-6550 520

ID: 46
-6770 3470
-6730 3470
-6730 4265
-6770 4265
-6770 3470

ID: 47
-6770 5650
-6730 5650
-6730 5770
-6770 5770
-6770 5650

ID: 48
-6550 6100
-6550 6140
-6730 6140
-6730 6425
-6770 6425
-6770 6100
-6680 6100
-6680 5630
-6640 5630
-6640 6100
-6550 6100

ID: 49
-6725 -5150
-6685 -5150
-6685 -5030
-6725 -5030
-6725 -5150

ID: 50
-6725 -4445
-6685 -4445
-6685 -4390
-6725 -4390
-6725 -4445

ID: 51
-6725 -4070
-6685 -4070
-6685 -4015
-6725 -4015
-6725 -4070

ID: 52
-6725 -3430
-6685 -3430
-6685 -3310
-6725 -3310
-6725 -3430

ID: 53
-6725 -1910
-6685 -1910
-6685 -1855
-6725 -1855
-6725 -1910

ID: 54
-6725 -1270
-6685 -1270
-6685 -1150
-6725 -1150
-6725 -1270

ID: 55
-6725 1330
-6685 1330
-6685 1450
-6725 1450
-6725 1330

ID: 56
-6725 2035
-6685 2035
-6685 2090
-6725 2090
-6725 2035

ID: 57
-6725 2410
-6685 2410
-6685 2465
-6725 2465
-6725 2410

ID: 58
-6725 3050
-6685 3050
-6685 3170
-6725 3170
-6725 3050

ID: 59
-6725 4570
-6685 4570
-6685 4625
-6725 4625
-6725 4570

ID: 60
-6725 5210
-6685 5210
-6685 5330
-6725 5330
-6725 5210

ID: 61
-6595 -4700
-6595 -4375
-6635 -4375
-6635 -4660
-6680 -4660
-6680 -4880
-6635 -4880
-6635 -5170
-6595 -5170
-6595 -4840
-6640 -4840
-6640 -4700
-6595 -4700

ID: 62
-6595 -3620
-6595 -3290
-6635 -3290
-6635 -3580
-6680 -3580
-6680 -3800
-6635 -3800
-6635 -4085
-6595 -4085
-6595 -3760
-6640 -3760
-6640 -3620
-6595 -3620

ID: 63
-6550 -2945
-6550 -2905
-6590 -2905
-6590 -2910
-6640 -2910
-6640 -2215
-6680 -2215
-6680 -3010
-6640 -3010
-6640 -2940
-6590 -2940
-6590 -2945
-6550 -2945

ID: 64
-6595 -1460
-6595 -1130
-6635 -1130
-6635 -1420
-6680 -1420
-6680 -1640
-6635 -1640
-6635 -1925
-6595 -1925
-6595 -1600
-6640 -1600
-6640 -1460
-6595 -1460

ID: 65
-6680 -830
-6640 -830
-6640 -710
-6680 -710
-6680 -830

ID: 66
-6370 -380
-6370 -55
-6410 -55
-6410 -340
-6680 -340
-6680 -380
-6500 -380
-6500 -610
-6590 -610
-6590 -850
-6550 -850
-6550 -650
-6410 -650
-6410 -850
-6370 -850
-6370 -610
-6460 -610
-6460 -380
-6370 -380

ID: 67
-6680 -125
-6640 -125
-6640 -70
-6680 -70
-6680 -125

ID: 68
-6680 610
-6640 610
-6640 650
-6680 650
-6680 610

ID: 69
-6595 1780
-6595 2105
-6635 2105
-6635 1820
-6680 1820
-6680 1600
-6635 1600
-6635 1310
-6595 1310
-6595 1640
-6640 1640
-6640 1780
-6595 1780

ID: 70
-6595 2860
-6595 3190
-6635 3190
-6635 2900
-6680 2900
-6680 2680
-6635 2680
-6635 2395
-6595 2395
-6595 2720
-6640 2720
-6640 2860
-6595 2860

ID: 71
-6680 3490
-6640 3490
-6640 3610
-6680 3610
-6680 3490

ID: 72
-6460 3470
-6460 4265
-6500 4265
-6500 3750
-6640 3750
-6640 3755
-6680 3755
-6680 3715
-6640 3715
-6640 3720
-6500 3720
-6500 3470
-6460 3470

ID: 73
-6680 3850
-6640 3850
-6640 3890
-6680 3890
-6680 3850

ID: 74
-6680 4195
-6640 4195
-6640 4250
-6680 4250
-6680 4195

ID: 75
-6595 5020
-6595 5350
-6635 5350
-6635 5060
-6680 5060
-6680 4840
-6635 4840
-6635 4555
-6595 4555
-6595 4880
-6640 4880
-6640 5020
-6595 5020

ID: 76
-6590 -6230
-6550 -6230
-6550 -6175
-6590 -6175
-6590 -6230

ID: 77
-6590 -6050
-6550 -6050
-6550 -6010
-6590 -6010
-6590 -6050

ID: 78
-6590 -5590
-6550 -5590
-6550 -5470
-6590 -5470
-6590 -5590

ID: 79
-6415 -4790
-6415 -4750
-6455 -4750
-6455 -4755
-6550 -4755
-6550 -4750
-6590 -4750
-6590 -4790
-6550 -4790
-6550 -4785
-6455 -4785
-6455 -4790
-6415 -4790

ID: 80
-6590 -3710
-6550 -3710
-6550 -3670
-6590 -3670
-6590 -3710

ID: 81
-6460 -3010
-6460 -2215
-6500 -2215
-6500 -2730
-6550 -2730
-6550 -2725
-6590 -2725
-6590 -2765
-6550 -2765
-6550 -2760
-6500 -2760
-6500 -3010
-6460 -3010

ID: 82
-6590 -1550
-6550 -1550
-6550 -1510
-6590 -1510
-6590 -1550

ID: 83
-6590 -560
-6550 -560
-6550 -520
-6590 -520
-6590 -560

ID: 84
-6590 250
-6550 250
-6550 305
-6590 305
-6590 250

ID: 85
-6590 890
-6550 890
-6550 1010
-6590 1010
-6590 890

ID: 86
-6370 1310
-6370 2105
-6410 2105
-6410 1725
-6550 1725
-6550 1730
-6590 1730
-6590 1690
-6550 1690
-6550 1695
-6410 1695
-6410 1310
-6370 1310

ID: 87
-6590 2770
-6550 2770
-6550 2810
-6590 2810
-6590 2770

ID: 88
-6590 4930
-6550 4930
-6550 4970
-6590 4970
-6590 4930

ID: 89
-6590 5650
-6550 5650
-6550 5770
-6590 5770
-6590 5650

ID: 90
-6590 6190
-6550 6190
-6550 6230
-6590 6230
-6590 6190

ID: 91
-6590 6355
-6550 6355
-6550 6410
-6590 6410
-6590 6355

ID: 92
-6545 -5150
-6505 -5150
-6505 -5030
-6545 -5030
-6545 -5150

ID: 93
-6545 -4445
-6505 -4445
-6505 -4390
-6545 -4390
-6545 -4445

ID: 94
-6545 -4070
-6505 -4070
-6505 -4015
-6545 -4015
-6545 -4070

ID: 95
-6545 -3430
-6505 -3430
-6505 -3310
-6545 -3310
-6545 -3430

ID: 96
-6545 -1910
-6505 -1910
-6505 -1855
-6545 -1855
-6545 -1910

ID: 97
-6545 -1270
-6505 -1270
-6505 -1150
-6545 -1150
-6545 -1270

ID: 98
-6545 1330
-6505 1330
-6505 1450
-6545 1450
-6545 1330

ID: 99
-6545 2035
-6505 2035
-6505 2090
-6545 2090
-6545 2035

ID: 100
-6545 2410
-6505 2410
-6505 2465
-6545 2465
-6545 2410

ID: 101
-6545 3050
-6505 3050
-6505 3170
-6545 3170
-6545 3050

ID: 102
-6545 4570
-6505 4570
-6505 4625
-6545 4625
-6545 4570

ID: 103
-6545 5210
-6505 5210
-6505 5330
-6545 5330
-6545 5210

ID: 104
-6500 -6245
-6460 -6245
-6460 -5450
-6500 -5450
-6500 -6245

ID: 105
-6500 -830
-6460 -830
-6460 -710
-6500 -710
-6500 -830

ID: 106
-6500 -290
-6460 -290
-6460 -250
-6500 -250
-6500 -290

ID: 107
-6235 475
-6235 515
-6275 515
-6275 510
-6460 510
-6460 930
-6365 930
-6365 925
-6325 925
-6325 965
-6365 965
-6365 960
-6460 960
-6460 1030
-6500 1030
-6500 235
-6460 235
-6460 480
-6275 480
-6275 475
-6235 475

ID: 108
-6370 5065
-6370 5105
-6410 5105
-6410 5100
-6460 5100
-6460 5105
-6500 5105
-6500 5065
-6460 5065
-6460 5070
-6410 5070
-6410 5065
-6370 5065

ID: 109
-6500 5630
-6460 5630
-6460 6425
-6500 6425
-6500 5630

ID: 110
-6370 -1820
-6370 -1330
-6415 -1330
-6415 -1130
-6455 -1130
-6455 -1370
-6410 -1370
-6410 -1780
-6455 -1780
-6455 -1925
-6415 -1925
-6415 -1820
-6370 -1820

ID: 111
-6410 -2990
-6370 -2990
-6370 -2870
-6410 -2870
-6410 -2990

ID: 112
-6100 -2540
-6100 -2215
-6140 -2215
-6140 -2500
-6410 -2500
-6410 -2540
-6230 -2540
-6230 -2770
-6320 -2770
-6320 -3010
-6280 -3010
-6280 -2810
-6140 -2810
-6140 -3010
-6100 -3010
-6100 -2770
-6190 -2770
-6190 -2540
-6100 -2540

ID: 113
-6410 -2285
-6370 -2285
-6370 -2230
-6410 -2230
-6410 -2285

ID: 114
-6410 -470
-6370 -470
-6370 -430
-6410 -430
-6410 -470

ID: 115
-6410 2410
-6370 2410
-6370 2465
-6410 2465
-6410 2410

ID: 116
-6410 2770
-6370 2770
-6370 2810
-6410 2810
-6410 2770

ID: 117
-6410 3050
-6370 3050
-6370 3170
-6410 3170
-6410 3050

ID: 118
-6410 3490
-6370 3490
-6370 3610
-6410 3610
-6410 3490

ID: 119
-5920 3470
-5920 3710
-6010 3710
-6010 4250
-6230 4250
-6230 4210
-6050 4210
-6050 3930
-6135 3930
-6135 3885
-6370 3885
-6370 3890
-6410 3890
-6410 3850
-6370 3850
-6370 3855
-6105 3855
-6105 3900
-6050 3900
-6050 3710
-6140 3710
-6140 3470
-6100 3470
-6100 3670
-5960 3670
-5960 3470
-5920 3470

ID: 120
-6410 4195
-6370 4195
-6370 4250
-6410 4250
-6410 4195

ID: 121
-6410 4570
-6370 4570
-6370 4625
-6410 4625
-6410 4570

ID: 122
-6410 4930
-6370 4930
-6370 4970
-6410 4970
-6410 4930

ID: 123
-6410 5210
-6370 5210
-6370 5330
-6410 5330
-6410 5210

ID: 124
-6280 -6140
-6280 -5650
-6325 -5650
-6325 -5450
-6365 -5450
-6365 -5690
-6320 -5690
-6320 -6100
-6365 -6100
-6365 -6245
-6325 -6245
-6325 -6140
-6280 -6140

ID: 125
-6190 -2450
-6190 -2410
-6230 -2410
-6230 -2415
-6325 -2415
-6325 -2410
-6365 -2410
-6365 -2450
-6325 -2450
-6325 -2445
-6230 -2445
-6230 -2450
-6190 -2450

ID: 126
-6365 -1910
-6325 -1910
-6325 -1855
-6365 -1855
-6365 -1910

ID: 127
-6365 -1270
-6325 -1270
-6325 -1150
-6365 -1150
-6365 -1270

ID: 128
-6010 610
-6010 650
-6050 650
-6050 645
-6325 645
-6325 650
-6365 650
-6365 610
-6325 610
-6325 615
-6050 615
-6050 610
-6010 610

ID: 129
-6280 5830
-6280 6320
-6325 6320
-6325 6425
-6365 6425
-6365 6280
-6320 6280
-6320 5870
-6365 5870
-6365 5630
-6325 5630
-6325 5830
-6280 5830

ID: 130
-6010 -4700
-6010 -4660
-6280 -4660
-6280 -4375
-6320 -4375
-6320 -4700
-6230 -4700
-6230 -4930
-6320 -4930
-6320 -5170
-6280 -5170
-6280 -4970
-6140 -4970
-6140 -5170
-6100 -5170
-6100 -4930
-6190 -4930
-6190 -4700
-6010 -4700

ID: 131
-6320 -4790
-6280 -4790
-6280 -4750
-6320 -4750
-6320 -4790

